[HEADER]
Insulated box
Parallel heaters, 1x 5W, 1x 10W
K_p=2.5
K_i=5e-4

[DATA]
time	temperature	humidity	heater power
[s]	[±0.5 °C]	[±3 pct]	[±0.05 W]
0.0	25.58	48.4	5.340
1.0	25.58	48.3	5.340
2.0	25.57	48.3	5.340
3.0	25.57	48.3	5.340
4.0	25.57	48.3	5.344
5.0	25.57	48.3	5.340
6.0	25.57	48.3	5.344
7.0	25.57	48.3	5.340
8.0	25.57	48.3	5.344
9.0	25.57	48.2	5.344
10.0	25.58	48.2	5.344
11.0	25.57	48.1	5.340
12.0	25.57	48.1	5.328
13.0	25.57	48.2	5.328
14.0	25.57	48.2	5.340
15.0	25.57	48.2	5.328
16.0	25.57	48.2	5.344
17.0	25.58	48.2	5.332
18.0	25.58	48.2	5.332
19.0	25.58	48.3	5.328
20.0	25.59	48.3	5.328
21.0	25.59	48.2	5.328
22.0	25.60	48.2	5.332
23.1	25.61	48.3	5.332
24.0	25.61	48.3	5.332
25.1	25.61	48.3	5.332
26.1	25.62	48.3	5.328
27.1	25.62	48.3	5.332
28.1	25.63	48.3	5.332
29.1	25.63	48.3	5.332
30.1	25.63	48.3	5.328
31.1	25.64	48.3	5.332
32.1	25.65	48.3	5.328
33.1	25.66	48.4	5.328
34.1	25.67	48.4	5.332
35.1	25.69	48.4	5.328
36.1	25.70	48.4	5.328
37.1	25.71	48.5	5.332
38.1	25.73	48.5	5.328
39.1	25.74	48.5	5.332
40.1	25.75	48.5	5.328
41.1	25.77	48.5	5.332
42.1	25.78	48.5	5.328
43.1	25.79	48.5	5.332
44.1	25.81	48.5	5.328
45.1	25.82	48.6	5.332
46.1	25.84	48.6	5.328
47.1	25.86	48.6	5.328
48.1	25.87	48.6	5.328
49.1	25.89	48.7	5.328
50.1	25.91	48.7	5.328
51.1	25.93	48.7	5.332
52.1	25.94	48.7	5.328
53.1	25.96	48.7	5.332
54.1	25.98	48.7	5.332
55.1	26.00	48.8	5.332
56.1	26.02	48.8	5.328
57.1	26.04	48.8	5.328
58.1	26.05	48.8	5.332
59.1	26.08	48.9	5.332
60.1	26.10	48.9	5.328
61.1	26.12	48.9	5.332
62.1	26.14	48.9	5.328
63.1	26.16	49.0	5.332
64.1	26.18	49.0	5.328
65.1	26.20	49.0	5.332
66.1	26.22	49.0	5.332
67.1	26.25	49.0	5.320
68.1	26.27	49.0	5.320
69.1	26.30	49.1	5.316
70.1	26.32	49.1	5.332
71.1	26.35	49.1	5.316
72.1	26.37	49.1	5.332
73.2	26.39	49.1	5.328
74.2	26.41	49.1	5.320
75.2	26.43	49.2	5.316
76.2	26.46	49.2	5.316
77.2	26.48	49.2	5.328
78.2	26.50	49.2	5.316
79.2	26.53	49.2	5.320
80.2	26.55	49.2	5.320
81.2	26.58	49.3	5.332
82.2	26.60	49.3	5.320
83.2	26.63	49.3	5.320
84.2	26.65	49.3	5.316
85.2	26.68	49.4	5.316
86.2	26.70	49.4	5.320
87.2	26.73	49.4	5.320
88.2	26.75	49.4	5.320
89.2	26.78	49.5	5.316
90.2	26.81	49.5	5.320
91.2	26.84	49.5	5.320
92.2	26.86	49.5	5.316
93.2	26.89	49.5	5.316
94.2	26.92	49.5	5.316
95.2	26.94	49.5	5.316
96.2	26.96	49.5	5.320
97.2	26.99	49.5	5.316
98.2	27.02	49.5	5.320
99.2	27.05	49.6	5.316
100.2	27.07	49.6	5.320
101.2	27.10	49.6	5.316
102.2	27.12	49.6	5.316
103.2	27.15	49.7	5.316
104.2	27.18	49.7	5.320
105.2	27.21	49.7	5.320
106.2	27.23	49.7	5.316
107.2	27.26	49.7	5.316
108.2	27.29	49.7	5.316
109.2	27.31	49.7	5.316
110.2	27.34	49.7	5.320
111.2	27.36	49.8	5.320
112.2	27.39	49.8	5.316
113.2	27.42	49.8	5.320
114.2	27.44	49.8	5.320
115.2	27.47	49.8	5.316
116.2	27.50	49.8	5.320
117.2	27.53	49.9	5.316
118.2	27.55	49.9	5.320
119.2	27.58	49.9	5.320
120.2	27.61	49.9	5.320
121.3	27.64	50.0	5.320
122.2	27.67	50.0	5.320
123.3	27.69	49.9	5.320
124.3	27.72	49.9	5.320
125.3	27.75	50.0	5.320
126.3	27.77	50.0	5.320
127.3	27.80	50.0	5.320
128.3	27.83	50.0	5.320
129.3	27.85	50.0	5.316
130.3	27.88	50.0	5.316
131.3	27.91	50.0	5.320
132.3	27.93	50.0	5.316
133.3	27.96	50.0	5.320
134.3	27.98	50.0	5.316
135.3	28.00	50.0	5.320
136.3	28.03	50.0	5.316
137.3	28.05	50.0	5.316
138.3	28.07	50.0	5.316
139.3	28.10	50.1	5.316
140.3	28.13	50.1	5.320
141.3	28.15	50.1	5.320
142.3	28.17	50.1	5.316
143.3	28.20	50.1	5.320
144.3	28.22	50.1	5.320
145.3	28.25	50.2	5.316
146.3	28.28	50.2	5.316
147.3	28.31	50.2	5.316
148.3	28.33	50.2	5.316
149.3	28.35	50.2	5.316
150.3	28.38	50.2	5.316
151.3	28.40	50.2	5.316
152.3	28.43	50.2	5.320
153.3	28.46	50.3	5.320
154.3	28.48	50.3	5.320
155.3	28.51	50.2	5.320
156.3	28.53	50.2	5.320
157.3	28.56	50.2	5.320
158.3	28.58	50.2	5.320
159.3	28.61	50.3	5.316
160.3	28.63	50.3	5.316
161.3	28.66	50.3	5.320
162.3	28.68	50.3	5.320
163.3	28.71	50.3	5.316
164.3	28.74	50.3	5.316
165.3	28.76	50.3	5.316
166.3	28.78	50.3	5.316
167.3	28.81	50.4	5.316
168.3	28.83	50.4	5.316
169.4	28.86	50.4	5.316
170.3	28.89	50.4	5.316
171.4	28.91	50.4	5.320
172.4	28.94	50.4	5.320
173.4	28.96	50.4	5.316
174.4	28.98	50.4	5.320
175.4	29.00	50.4	5.316
176.4	29.02	50.4	5.316
177.4	29.05	50.4	5.320
178.4	29.07	50.4	5.316
179.4	29.10	50.5	5.320
180.4	29.12	50.5	5.320
181.4	29.14	50.5	5.320
182.4	29.17	50.5	5.304
183.4	29.19	50.5	5.316
184.4	29.21	50.5	5.320
185.4	29.23	50.5	5.316
186.4	29.26	50.5	5.304
187.4	29.28	50.5	5.320
188.4	29.30	50.5	5.320
189.4	29.33	50.6	5.316
190.4	29.35	50.6	5.308
191.4	29.37	50.6	5.304
192.4	29.39	50.6	5.320
193.4	29.41	50.6	5.304
194.4	29.43	50.6	5.320
195.4	29.46	50.6	5.304
196.4	29.48	50.6	5.316
197.4	29.50	50.6	5.316
198.4	29.52	50.6	5.304
199.4	29.54	50.6	5.308
200.4	29.57	50.6	5.308
201.4	29.59	50.6	5.316
202.4	29.61	50.6	5.304
203.4	29.63	50.6	5.304
204.4	29.66	50.6	5.304
205.4	29.68	50.6	5.304
206.4	29.70	50.6	5.316
207.4	29.73	50.7	5.308
208.4	29.75	50.7	5.308
209.4	29.77	50.7	5.316
210.4	29.79	50.7	5.308
211.4	29.82	50.8	5.320
212.4	29.84	50.8	5.308
213.4	29.86	50.7	5.320
214.4	29.89	50.7	5.316
215.4	29.91	50.7	5.308
216.4	29.93	50.7	5.304
217.4	29.95	50.7	5.308
218.4	29.97	50.7	5.304
219.5	30.00	50.7	5.304
220.5	30.02	50.7	5.304
221.5	30.03	50.7	5.304
222.5	30.05	50.7	5.308
223.5	30.07	50.7	5.304
224.5	30.09	50.7	5.320
225.5	30.11	50.7	5.304
226.5	30.13	50.7	5.308
227.5	30.14	50.7	5.308
228.5	30.16	50.7	5.304
229.5	30.18	50.8	5.304
230.5	30.21	50.8	5.304
231.5	30.23	50.8	5.304
232.5	30.24	50.8	5.308
233.5	30.27	50.8	5.308
234.5	30.29	50.8	5.304
235.5	30.31	50.8	5.304
236.5	30.33	50.8	5.308
237.5	30.35	50.8	5.304
238.5	30.36	50.8	5.308
239.5	30.39	50.8	5.304
240.5	30.41	50.8	5.304
241.5	30.43	50.8	5.308
242.5	30.45	50.8	5.308
243.5	30.46	50.8	5.304
244.5	30.48	50.8	5.304
245.5	30.50	50.8	5.308
246.5	30.52	50.8	5.308
247.5	30.55	50.9	5.308
248.5	30.57	50.9	5.308
249.5	30.59	50.8	5.304
250.5	30.61	50.8	5.308
251.5	30.63	50.8	5.308
252.5	30.65	50.8	5.308
253.5	30.67	50.8	5.308
254.5	30.68	50.8	5.304
255.5	30.70	50.8	5.304
256.5	30.71	50.8	5.308
257.5	30.73	50.9	5.304
258.5	30.75	50.9	5.308
259.5	30.77	50.8	5.308
260.5	30.79	50.8	5.304
261.5	30.81	50.9	5.308
262.5	30.82	50.9	5.304
263.5	30.84	50.9	5.308
264.5	30.86	50.9	5.304
265.5	30.88	50.9	5.304
266.5	30.89	50.9	5.308
267.6	30.91	50.9	5.304
268.5	30.93	50.9	5.304
269.6	30.95	50.9	5.304
270.6	30.97	50.9	5.304
271.6	30.99	51.0	5.304
272.6	31.01	51.0	5.308
273.6	31.03	50.9	5.308
274.6	31.05	50.9	5.304
275.6	31.07	50.9	5.308
276.6	31.08	50.9	5.308
277.6	31.11	51.0	5.304
278.6	31.12	51.0	5.308
279.6	31.14	50.9	5.304
280.6	31.16	50.9	5.304
281.6	31.18	50.9	5.304
282.6	31.19	50.9	5.308
283.6	31.21	51.0	5.308
284.6	31.23	51.0	5.304
285.6	31.25	51.0	5.304
286.6	31.27	51.0	5.308
287.6	31.29	51.0	5.308
288.6	31.30	51.0	5.308
289.6	31.32	51.0	5.308
290.6	31.34	51.0	5.308
291.6	31.36	51.0	5.304
292.6	31.38	51.0	5.308
293.6	31.39	51.0	5.308
294.6	31.41	51.0	5.308
295.6	31.43	51.1	5.304
296.6	31.45	51.1	5.308
297.6	31.46	51.0	5.308
298.6	31.48	51.0	5.308
299.6	31.50	51.0	5.308
300.6	31.51	51.0	5.308
301.6	31.53	51.0	5.304
302.6	31.54	51.0	5.304
303.6	31.56	51.0	5.308
304.6	31.57	51.0	5.308
305.6	31.59	51.0	5.308
305.9	31.59	51.0	5.304
306.9	31.61	51.0	5.304
307.9	31.62	51.0	5.304
308.9	31.64	51.0	5.308
309.9	31.65	51.1	5.308
310.9	31.67	51.1	5.308
311.9	31.69	51.1	5.304
312.9	31.70	51.1	5.304
313.9	31.72	51.0	5.308
314.9	31.73	51.0	5.308
315.9	31.75	51.0	5.308
316.9	31.76	51.0	5.304
317.9	31.77	51.1	5.308
318.9	31.79	51.1	5.304
319.9	31.81	51.1	5.308
320.9	31.82	51.1	5.308
321.9	31.84	51.1	5.308
322.9	31.86	51.1	5.304
323.9	31.88	51.1	5.308
324.9	31.89	51.1	5.304
325.9	31.91	51.1	5.304
326.9	31.92	51.1	5.308
327.9	31.94	51.2	5.308
328.9	31.96	51.2	5.304
329.9	31.98	51.2	5.304
330.9	31.99	51.2	5.304
331.9	32.01	51.1	5.308
332.9	32.02	51.1	5.304
333.9	32.04	51.2	5.304
334.9	32.06	51.2	5.308
335.9	32.08	51.2	5.304
336.9	32.09	51.2	5.308
337.9	32.11	51.1	5.304
338.9	32.12	51.1	5.304
339.9	32.14	51.1	5.308
340.9	32.15	51.1	5.308
341.9	32.17	51.2	5.304
342.9	32.18	51.2	5.304
343.9	32.20	51.2	5.304
344.9	32.21	51.2	5.304
345.9	32.23	51.2	5.308
346.9	32.25	51.2	5.304
347.9	32.27	51.2	5.308
348.9	32.29	51.2	5.304
349.9	32.30	51.2	5.308
350.9	32.32	51.2	5.304
351.9	32.33	51.2	5.304
352.9	32.34	51.2	5.304
353.9	32.36	51.1	5.308
354.9	32.37	51.1	5.308
355.9	32.39	51.2	5.304
356.9	32.40	51.2	5.308
357.9	32.42	51.2	5.308
358.9	32.43	51.2	5.308
359.9	32.44	51.2	5.304
360.9	32.46	51.2	5.304
361.9	32.47	51.2	5.308
362.9	32.49	51.2	5.308
363.9	32.51	51.2	5.308
364.9	32.52	51.2	5.308
365.9	32.53	51.2	5.304
366.9	32.55	51.2	5.308
367.9	32.56	51.2	5.304
368.9	32.57	51.2	5.304
369.9	32.59	51.2	5.304
370.9	32.60	51.2	5.304
371.9	32.62	51.2	5.308
372.9	32.63	51.2	5.304
373.9	32.65	51.3	5.304
374.9	32.67	51.3	5.308
375.9	32.69	51.3	5.304
376.9	32.70	51.3	5.308
377.9	32.72	51.2	5.304
378.9	32.73	51.2	5.308
379.9	32.74	51.2	5.304
380.9	32.76	51.2	5.304
381.9	32.77	51.3	5.304
382.9	32.79	51.3	5.308
383.9	32.81	51.3	5.304
384.9	32.82	51.3	5.304
385.9	32.83	51.3	5.279
386.9	32.85	51.3	5.242
387.9	32.86	51.2	5.212
388.9	32.87	51.2	5.192
389.9	32.89	51.3	5.167
390.9	32.90	51.3	5.137
391.9	32.92	51.3	5.096
392.9	32.93	51.3	5.072
393.9	32.95	51.3	5.047
394.9	32.96	51.3	5.018
395.9	32.97	51.3	4.994
396.9	32.98	51.3	4.969
397.9	33.00	51.3	4.949
398.9	33.01	51.3	4.909
399.9	33.03	51.3	4.884
400.9	33.04	51.3	4.856
401.9	33.05	51.3	4.820
402.9	33.07	51.3	4.796
403.9	33.08	51.4	4.772
404.9	33.10	51.4	4.744
405.9	33.11	51.4	4.705
406.9	33.13	51.4	4.681
407.9	33.14	51.3	4.653
408.9	33.16	51.3	4.630
409.9	33.17	51.3	4.606
410.9	33.18	51.3	4.583
411.9	33.20	51.4	4.559
412.9	33.21	51.4	4.521
413.9	33.23	51.3	4.497
414.9	33.24	51.3	4.463
415.9	33.25	51.3	4.436
416.9	33.26	51.3	4.413
417.9	33.28	51.3	4.390
418.9	33.29	51.3	4.367
419.9	33.30	51.3	4.348
420.9	33.31	51.3	4.325
421.9	33.32	51.4	4.306
422.9	33.34	51.4	4.284
423.9	33.35	51.3	4.257
424.9	33.36	51.3	4.234
425.9	33.37	51.3	4.212
426.9	33.38	51.3	4.189
427.9	33.40	51.4	4.171
428.9	33.42	51.4	4.134
429.9	33.42	51.3	4.108
430.9	33.43	51.3	4.090
431.9	33.45	51.3	4.082
432.9	33.46	51.3	4.049
433.9	33.47	51.3	4.027
434.9	33.48	51.3	4.005
435.9	33.49	51.3	3.987
436.9	33.50	51.3	3.965
437.9	33.51	51.3	3.947
438.9	33.52	51.3	3.925
439.9	33.53	51.3	3.922
440.9	33.54	51.3	3.900
441.9	33.55	51.3	3.882
442.9	33.57	51.3	3.860
443.9	33.58	51.3	3.839
444.9	33.59	51.3	3.821
445.9	33.60	51.3	3.800
446.9	33.61	51.3	3.778
447.9	33.62	51.3	3.761
448.9	33.63	51.3	3.743
449.9	33.64	51.2	3.736
450.9	33.65	51.2	3.719
451.9	33.66	51.3	3.701
452.9	33.67	51.3	3.680
453.9	33.68	51.2	3.659
454.9	33.68	51.2	3.655
455.9	33.69	51.3	3.638
456.9	33.70	51.3	3.621
457.9	33.71	51.3	3.600
458.9	33.72	51.3	3.593
459.9	33.73	51.2	3.576
460.9	33.74	51.2	3.558
461.9	33.75	51.2	3.541
462.9	33.76	51.2	3.534
463.9	33.76	51.2	3.517
464.9	33.77	51.2	3.504
465.9	33.78	51.2	3.497
466.9	33.78	51.2	3.483
467.9	33.79	51.2	3.476
468.9	33.80	51.2	3.459
469.9	33.81	51.2	3.439
470.9	33.82	51.2	3.422
471.9	33.83	51.2	3.405
472.9	33.83	51.2	3.402
473.9	33.84	51.2	3.398
474.9	33.85	51.2	3.382
475.9	33.85	51.2	3.365
476.9	33.86	51.2	3.362
477.9	33.87	51.2	3.345
478.9	33.88	51.2	3.328
479.9	33.88	51.2	3.325
480.9	33.89	51.2	3.312
481.9	33.89	51.1	3.305
482.9	33.90	51.1	3.292
483.9	33.90	51.1	3.289
484.9	33.91	51.1	3.276
485.9	33.91	51.1	3.272
486.9	33.92	51.1	3.269
487.9	33.92	51.1	3.265
488.9	33.92	51.1	3.252
489.9	33.93	51.1	3.249
490.9	33.93	51.1	3.236
491.9	33.94	51.1	3.233
492.9	33.94	51.1	3.233
494.0	33.94	51.1	3.229
494.9	33.95	51.1	3.216
496.0	33.95	51.1	3.216
497.0	33.95	51.1	3.213
498.0	33.95	51.0	3.213
499.0	33.95	51.0	3.210
500.0	33.96	51.0	3.210
501.0	33.96	51.0	3.197
502.0	33.96	51.0	3.197
503.0	33.96	51.0	3.197
504.0	33.97	51.0	3.193
505.0	33.97	51.0	3.193
506.0	33.97	51.1	3.193
507.0	33.98	51.1	3.177
508.0	33.99	51.0	3.174
509.0	33.99	51.0	3.170
510.0	34.00	51.0	3.154
511.0	34.00	51.0	3.142
512.0	34.01	51.0	3.138
513.0	34.01	51.0	3.135
514.0	34.02	51.0	3.122
515.0	34.02	51.0	3.119
516.0	34.02	51.0	3.115
517.0	34.03	51.0	3.106
518.0	34.03	51.0	3.103
519.0	34.03	51.0	3.099
520.0	34.04	51.0	3.096
521.0	34.04	51.0	3.093
522.0	34.04	51.0	3.084
523.0	34.05	51.0	3.080
524.0	34.05	51.0	3.080
525.0	34.05	51.0	3.068
526.0	34.05	51.0	3.068
527.0	34.06	51.0	3.064
528.0	34.06	51.0	3.064
529.0	34.06	51.0	3.061
530.0	34.06	50.9	3.061
531.0	34.06	50.9	3.052
532.0	34.07	50.9	3.049
533.0	34.07	50.9	3.049
534.0	34.07	50.9	3.049
535.0	34.07	50.9	3.049
536.0	34.07	50.9	3.045
537.0	34.07	50.9	3.045
538.0	34.08	50.9	3.045
539.0	34.08	50.9	3.045
540.0	34.08	50.9	3.042
541.0	34.08	50.9	3.042
542.0	34.08	50.9	3.042
543.0	34.08	50.9	3.042
544.0	34.08	50.9	3.042
545.0	34.08	50.9	3.042
546.1	34.08	50.9	3.042
547.1	34.09	50.9	3.033
548.1	34.09	50.9	3.033
549.1	34.09	50.9	3.042
550.1	34.09	50.9	3.042
551.1	34.09	50.9	3.029
552.1	34.09	50.8	3.033
553.1	34.09	50.8	3.042
554.1	34.09	50.8	3.029
555.1	34.09	50.8	3.042
556.1	34.09	50.8	3.033
557.1	34.09	50.8	3.033
558.1	34.09	50.8	3.033
559.1	34.09	50.8	3.033
560.1	34.09	50.8	3.042
561.1	34.09	50.8	3.033
562.1	34.09	50.8	3.042
563.1	34.09	50.8	3.042
564.1	34.09	50.8	3.042
565.1	34.09	50.8	3.042
566.1	34.09	50.8	3.042
567.1	34.09	50.8	3.042
568.1	34.09	50.8	3.042
569.1	34.09	50.8	3.042
570.1	34.09	50.8	3.042
571.1	34.09	50.8	3.042
572.1	34.10	50.8	3.045
573.1	34.10	50.8	3.045
574.1	34.10	50.8	3.045
575.1	34.10	50.8	3.045
576.1	34.10	50.8	3.045
577.1	34.10	50.8	3.045
578.1	34.10	50.8	3.045
579.1	34.10	50.8	3.045
580.1	34.10	50.8	3.045
581.1	34.10	50.8	3.049
582.1	34.10	50.8	3.049
583.1	34.10	50.8	3.049
584.1	34.10	50.8	3.049
585.1	34.10	50.8	3.049
586.1	34.10	50.8	3.049
587.1	34.10	50.8	3.049
588.1	34.10	50.8	3.049
589.1	34.10	50.8	3.058
590.1	34.10	50.8	3.058
591.1	34.10	50.8	3.061
592.1	34.10	50.8	3.061
593.1	34.10	50.8	3.061
594.1	34.10	50.8	3.052
595.1	34.10	50.8	3.061
596.1	34.10	50.8	3.061
597.1	34.10	50.8	3.061
598.2	34.10	50.7	3.061
599.2	34.10	50.7	3.064
600.2	34.10	50.8	3.064
601.2	34.11	50.8	3.058
602.2	34.11	50.8	3.045
603.2	34.12	50.8	3.045
604.2	34.12	50.8	3.033
605.2	34.13	50.8	3.029
606.2	34.13	50.8	3.026
607.2	34.13	50.8	3.023
608.2	34.13	50.7	3.010
609.2	34.13	50.7	3.023
610.2	34.13	50.7	3.023
611.2	34.13	50.7	3.026
612.2	34.13	50.8	3.029
613.2	34.13	50.8	3.026
614.2	34.13	50.7	3.023
615.2	34.13	50.7	3.026
616.2	34.13	50.7	3.026
617.2	34.14	50.7	3.023
618.2	34.14	50.7	3.023
619.2	34.14	50.7	3.010
620.2	34.14	50.7	3.007
621.2	34.14	50.7	3.010
622.2	34.14	50.7	3.023
623.2	34.15	50.7	3.010
624.2	34.15	50.7	3.010
625.2	34.15	50.7	3.007
626.2	34.15	50.7	2.995
627.2	34.16	50.7	2.995
628.2	34.16	50.7	2.995
629.2	34.16	50.7	2.991
630.2	34.16	50.7	2.991
631.2	34.16	50.7	2.988
632.2	34.16	50.7	2.988
633.2	34.17	50.7	2.988
634.2	34.17	50.7	2.985
635.2	34.17	50.7	2.976
636.2	34.17	50.7	2.976
637.2	34.17	50.7	2.976
638.2	34.17	50.7	2.976
639.2	34.18	50.7	2.972
640.2	34.18	50.7	2.972
641.2	34.18	50.7	2.972
642.2	34.18	50.7	2.972
643.2	34.18	50.7	2.972
644.2	34.18	50.7	2.972
645.2	34.18	50.7	2.972
646.2	34.18	50.7	2.969
647.2	34.18	50.7	2.969
648.2	34.19	50.7	2.969
649.2	34.19	50.7	2.969
650.2	34.19	50.7	2.969
651.2	34.19	50.7	2.969
652.3	34.19	50.7	2.969
653.2	34.19	50.7	2.969
654.3	34.19	50.7	2.969
655.3	34.19	50.7	2.969
656.3	34.20	50.8	2.969
657.3	34.20	50.8	2.957
658.3	34.20	50.7	2.954
659.3	34.20	50.7	2.954
660.3	34.20	50.8	2.954
661.3	34.21	50.8	2.950
662.3	34.21	50.7	2.938
663.3	34.21	50.7	2.938
664.3	34.21	50.7	2.938
665.3	34.21	50.7	2.938
666.3	34.21	50.8	2.950
667.3	34.22	50.8	2.938
668.3	34.22	50.8	2.935
669.3	34.23	50.8	2.922
670.3	34.23	50.8	2.919
671.3	34.23	50.8	2.916
672.3	34.23	50.7	2.913
673.3	34.23	50.7	2.916
674.3	34.23	50.8	2.916
675.3	34.24	50.8	2.916
676.3	34.24	50.8	2.904
677.3	34.24	50.8	3.878
678.3	34.24	50.8	3.874
679.3	34.25	50.8	3.871
680.3	34.25	50.8	3.857
681.3	34.25	50.8	3.857
682.3	34.26	50.8	3.853
683.3	34.26	50.8	3.843
