[HEADER]
Insulated box
Parallel heaters, 1x 5W, 1x 10W
K_p=3.0
K_i=5e-4

[DATA]
time	temperature	humidity	heater power
[s]	[±0.5 °C]	[±3 pct]	[±0.05 W]
0.0	24.32	48.7	5.340
1.0	24.32	48.7	5.340
2.0	24.32	48.6	5.344
3.0	24.32	48.6	5.340
4.0	24.32	48.6	5.340
5.0	24.32	48.6	5.340
6.0	24.32	48.6	5.340
7.0	24.32	48.6	5.344
8.0	24.31	48.6	5.344
9.0	24.31	48.6	5.344
10.0	24.31	48.6	5.344
11.0	24.31	48.6	5.344
12.0	24.31	48.6	5.344
13.0	24.31	48.6	5.344
14.0	24.32	48.7	5.344
15.0	24.32	48.7	5.344
16.0	24.32	48.7	5.344
17.0	24.33	48.7	5.340
18.0	24.33	48.8	5.344
19.0	24.34	48.8	5.344
20.0	24.34	48.8	5.340
21.0	24.34	48.8	5.344
22.0	24.34	48.8	5.340
23.0	24.35	48.8	5.340
24.0	24.35	48.8	5.344
25.0	24.35	48.8	5.328
26.0	24.36	48.9	5.344
27.0	24.37	48.9	5.340
28.1	24.37	49.0	5.328
29.1	24.38	49.0	5.328
30.1	24.39	49.0	5.332
31.1	24.39	49.0	5.344
32.1	24.40	49.0	5.332
33.1	24.40	49.0	5.332
34.1	24.41	49.1	5.328
35.1	24.42	49.1	5.328
36.1	24.43	49.2	5.332
37.1	24.45	49.2	5.328
38.1	24.46	49.2	5.328
39.1	24.47	49.2	5.332
40.1	24.48	49.2	5.328
41.1	24.50	49.2	5.332
42.1	24.51	49.3	5.332
43.1	24.52	49.3	5.332
44.1	24.54	49.3	5.328
45.1	24.55	49.3	5.332
46.1	24.57	49.4	5.328
47.1	24.59	49.4	5.328
48.1	24.60	49.5	5.332
49.1	24.62	49.5	5.328
50.1	24.64	49.5	5.328
51.1	24.65	49.5	5.332
52.1	24.68	49.6	5.332
53.1	24.70	49.6	5.332
54.1	24.72	49.6	5.328
55.1	24.74	49.6	5.332
56.1	24.76	49.8	5.328
57.1	24.78	49.8	5.328
58.1	24.80	49.8	5.332
59.1	24.82	49.8	5.332
60.1	24.85	49.9	5.328
61.1	24.87	49.9	5.332
62.1	24.89	49.9	5.332
63.1	24.91	49.9	5.328
64.1	24.93	50.0	5.332
65.1	24.96	50.0	5.328
66.1	24.99	50.1	5.332
67.1	25.01	50.1	5.328
68.1	25.04	50.1	5.332
69.1	25.06	50.1	5.328
70.1	25.09	50.2	5.332
71.1	25.11	50.2	5.332
72.1	25.14	50.2	5.328
73.1	25.16	50.2	5.328
74.1	25.19	50.3	5.328
75.1	25.21	50.3	5.332
76.1	25.24	50.3	5.328
77.1	25.26	50.3	5.316
78.1	25.29	50.4	5.328
79.1	25.31	50.4	5.328
80.1	25.34	50.4	5.332
81.1	25.36	50.4	5.332
82.2	25.39	50.5	5.332
83.2	25.41	50.5	5.332
84.2	25.44	50.5	5.316
85.2	25.47	50.5	5.328
86.2	25.50	50.6	5.328
87.2	25.52	50.6	5.320
88.2	25.55	50.7	5.328
89.2	25.58	50.7	5.332
90.2	25.60	50.7	5.320
91.2	25.63	50.7	5.316
92.2	25.66	50.8	5.328
93.2	25.68	50.8	5.320
94.2	25.71	50.8	5.316
95.2	25.75	50.8	5.320
96.2	25.77	50.8	5.320
97.2	25.80	50.8	5.320
98.2	25.83	50.9	5.316
99.2	25.86	50.9	5.320
100.2	25.88	50.9	5.320
101.2	25.91	50.9	5.320
102.2	25.94	51.0	5.316
103.2	25.97	51.0	5.320
104.2	26.00	51.0	5.316
105.2	26.03	51.0	5.316
106.2	26.06	51.0	5.316
107.2	26.09	51.0	5.320
108.2	26.12	51.1	5.320
109.2	26.14	51.1	5.320
110.2	26.17	51.1	5.320
111.2	26.20	51.1	5.320
112.2	26.23	51.2	5.316
113.2	26.26	51.2	5.320
114.2	26.29	51.3	5.316
115.2	26.32	51.3	5.316
116.2	26.34	51.2	5.320
117.2	26.37	51.2	5.316
118.2	26.40	51.3	5.320
119.2	26.43	51.3	5.320
120.2	26.46	51.3	5.316
121.2	26.48	51.3	5.320
122.2	26.52	51.4	5.316
123.2	26.54	51.4	5.316
124.2	26.57	51.4	5.316
125.2	26.60	51.4	5.320
126.2	26.63	51.4	5.316
127.2	26.66	51.4	5.316
128.2	26.69	51.5	5.320
129.2	26.72	51.5	5.316
130.2	26.75	51.5	5.316
131.2	26.78	51.5	5.320
132.2	26.81	51.6	5.320
133.2	26.84	51.6	5.320
134.2	26.86	51.6	5.320
135.2	26.89	51.6	5.316
136.2	26.92	51.6	5.316
137.2	26.95	51.6	5.316
138.2	26.98	51.6	5.320
139.2	27.00	51.6	5.320
140.2	27.04	51.7	5.316
141.2	27.06	51.7	5.316
142.2	27.09	51.7	5.320
143.2	27.11	51.7	5.316
144.3	27.14	51.7	5.316
145.2	27.17	51.7	5.320
146.3	27.20	51.7	5.316
147.3	27.22	51.7	5.320
148.3	27.25	51.7	5.316
149.3	27.28	51.7	5.316
150.3	27.31	51.8	5.320
151.3	27.33	51.8	5.320
152.3	27.36	51.8	5.320
153.3	27.39	51.8	5.320
154.3	27.41	51.8	5.320
155.3	27.44	51.8	5.320
156.3	27.46	51.8	5.320
157.3	27.49	51.8	5.316
158.3	27.52	51.8	5.316
159.3	27.54	51.8	5.316
160.3	27.57	51.9	5.320
161.3	27.59	51.9	5.320
162.3	27.63	52.0	5.316
163.3	27.65	52.0	5.320
164.3	27.68	51.9	5.316
165.3	27.71	51.9	5.320
166.3	27.74	52.0	5.316
167.3	27.77	52.0	5.320
168.3	27.79	51.9	5.316
169.3	27.82	51.9	5.316
170.3	27.85	52.0	5.320
171.3	27.87	52.0	5.320
172.3	27.90	52.0	5.320
173.3	27.93	52.0	5.320
174.3	27.95	52.0	5.316
175.3	27.98	52.0	5.316
176.3	28.01	52.0	5.320
177.3	28.03	52.0	5.320
178.3	28.06	52.0	5.320
179.3	28.09	52.0	5.316
180.3	28.11	52.0	5.320
181.3	28.14	52.0	5.316
182.3	28.17	52.1	5.316
183.3	28.19	52.1	5.320
184.3	28.22	52.0	5.316
185.3	28.24	52.0	5.320
186.3	28.27	52.1	5.316
187.3	28.29	52.1	5.320
188.3	28.31	52.1	5.320
189.3	28.34	52.1	5.316
190.3	28.36	52.1	5.320
191.3	28.38	52.1	5.316
192.3	28.41	52.1	5.316
193.3	28.43	52.1	5.320
194.3	28.46	52.1	5.320
195.3	28.48	52.1	5.320
196.3	28.50	52.1	5.316
197.3	28.53	52.1	5.320
198.3	28.55	52.1	5.316
199.3	28.57	52.1	5.316
200.3	28.60	52.2	5.316
201.3	28.63	52.2	5.320
202.4	28.65	52.2	5.320
203.3	28.67	52.2	5.316
204.4	28.70	52.2	5.316
205.4	28.72	52.2	5.320
206.4	28.75	52.2	5.308
207.4	28.77	52.2	5.320
208.4	28.80	52.2	5.320
209.4	28.82	52.2	5.320
210.4	28.85	52.2	5.316
211.4	28.87	52.2	5.304
212.4	28.89	52.2	5.320
213.4	28.91	52.2	5.316
214.4	28.93	52.2	5.308
215.4	28.96	52.2	5.316
216.4	28.98	52.3	5.320
217.4	29.01	52.3	5.320
218.4	29.04	52.2	5.316
219.4	29.06	52.2	5.320
220.4	29.08	52.2	5.316
221.4	29.10	52.2	5.304
222.4	29.13	52.2	5.316
223.4	29.15	52.2	5.320
224.4	29.17	52.2	5.320
225.4	29.19	52.2	5.320
226.4	29.22	52.3	5.316
227.4	29.24	52.3	5.316
228.4	29.27	52.3	5.316
229.4	29.29	52.3	5.316
230.4	29.31	52.2	5.320
231.4	29.33	52.2	5.316
232.4	29.35	52.3	5.308
233.4	29.37	52.3	5.320
234.4	29.40	52.3	5.308
235.4	29.43	52.3	5.316
236.4	29.45	52.3	5.304
237.4	29.47	52.3	5.308
238.4	29.49	52.2	5.304
239.4	29.51	52.2	5.316
240.4	29.54	52.3	5.320
241.4	29.56	52.3	5.316
242.4	29.58	52.3	5.308
243.4	29.60	52.3	5.308
244.4	29.62	52.3	5.316
245.4	29.64	52.3	5.308
246.4	29.66	52.3	5.320
247.4	29.69	52.3	5.308
248.4	29.71	52.3	5.316
249.4	29.73	52.3	5.316
250.4	29.75	52.2	5.320
251.4	29.76	52.2	5.304
252.4	29.79	52.3	5.304
253.4	29.81	52.3	5.308
254.4	29.83	52.3	5.320
255.4	29.84	52.3	5.320
256.4	29.87	52.3	5.316
257.4	29.89	52.3	5.308
258.5	29.91	52.3	5.304
259.5	29.94	52.3	5.316
260.5	29.96	52.3	5.304
261.5	29.98	52.3	5.316
262.5	30.00	52.3	5.320
263.5	30.02	52.3	5.308
264.5	30.04	52.3	5.308
265.5	30.06	52.3	5.304
266.5	30.08	52.3	5.304
267.5	30.10	52.3	5.308
268.5	30.12	52.3	5.320
269.5	30.14	52.3	5.316
270.5	30.16	52.2	5.320
271.5	30.18	52.2	5.308
272.5	30.20	52.3	5.304
273.5	30.22	52.3	5.308
274.5	30.24	52.3	5.308
275.5	30.26	52.3	5.308
276.5	30.28	52.3	5.320
277.5	30.30	52.3	5.308
277.7	30.30	52.3	5.304
278.7	30.32	52.2	5.304
279.7	30.34	52.2	5.308
280.7	30.36	52.2	5.304
281.7	30.37	52.2	5.308
282.7	30.39	52.2	5.304
283.7	30.41	52.2	5.308
284.7	30.43	52.2	5.308
285.7	30.44	52.2	5.308
286.7	30.46	52.2	5.308
287.7	30.48	52.2	5.304
288.7	30.50	52.2	5.308
289.7	30.52	52.2	5.304
290.7	30.54	52.2	5.308
291.7	30.56	52.2	5.308
292.7	30.58	52.3	5.304
293.7	30.60	52.3	5.304
294.7	30.62	52.2	5.304
295.7	30.64	52.2	5.304
296.7	30.66	52.2	5.304
297.7	30.67	52.2	5.304
298.7	30.70	52.2	5.308
299.7	30.72	52.2	5.308
300.7	30.73	52.2	5.308
301.7	30.75	52.2	5.304
302.7	30.77	52.2	5.308
303.7	30.79	52.2	5.308
304.7	30.81	52.2	5.304
305.7	30.83	52.2	5.304
306.7	30.85	52.2	5.304
307.7	30.86	52.2	5.304
308.7	30.89	52.2	5.308
309.7	30.91	52.2	5.308
310.7	30.93	52.2	5.308
311.7	30.95	52.2	5.304
312.7	30.96	52.2	5.308
313.7	30.98	52.2	5.304
314.7	31.00	52.2	5.308
315.7	31.01	52.2	5.308
316.7	31.03	52.2	5.308
317.7	31.05	52.2	5.304
318.7	31.07	52.2	5.308
319.7	31.08	52.2	5.308
320.7	31.10	52.2	5.308
321.7	31.11	52.2	5.304
322.7	31.13	52.2	5.308
323.7	31.15	52.2	5.304
324.7	31.17	52.1	5.304
325.7	31.18	52.1	5.304
326.7	31.21	52.2	5.304
327.7	31.23	52.2	5.308
328.7	31.24	52.2	5.308
329.7	31.26	52.2	5.304
330.7	31.28	52.1	5.304
331.7	31.30	52.1	5.308
332.7	31.31	52.1	5.304
333.7	31.32	52.1	5.304
334.7	31.34	52.1	5.308
335.7	31.36	52.1	5.304
336.7	31.38	52.2	5.304
337.7	31.40	52.2	5.304
338.7	31.42	52.1	5.304
339.7	31.43	52.1	5.308
340.7	31.45	52.1	5.308
341.7	31.47	52.1	5.308
342.7	31.48	52.1	5.304
343.7	31.50	52.1	5.304
344.7	31.52	52.1	5.304
345.7	31.53	52.1	5.308
346.7	31.55	52.1	5.304
347.7	31.57	52.1	5.308
348.7	31.58	52.1	5.304
349.7	31.60	52.1	5.308
350.7	31.61	52.1	5.308
351.7	31.63	52.1	5.308
352.7	31.65	52.1	5.304
353.7	31.66	52.1	5.304
354.7	31.68	52.1	5.304
355.7	31.70	52.1	5.308
356.7	31.71	52.0	5.308
357.7	31.73	52.0	5.304
358.7	31.75	52.1	5.304
359.7	31.76	52.1	5.308
360.7	31.78	52.1	5.308
361.7	31.80	52.1	5.308
362.7	31.81	52.0	5.304
363.7	31.83	52.0	5.308
364.7	31.84	52.1	5.308
365.7	31.86	52.1	5.308
366.7	31.88	52.0	5.304
367.7	31.89	52.0	5.304
368.7	31.91	52.0	5.304
369.7	31.93	52.0	5.308
370.7	31.94	52.0	5.308
371.7	31.95	52.0	5.308
372.7	31.97	52.0	5.308
373.7	31.99	52.0	5.304
374.7	32.00	52.0	5.304
375.7	32.02	52.0	5.308
376.7	32.03	52.0	5.308
377.7	32.05	52.0	5.304
378.7	32.07	52.0	5.304
379.7	32.09	52.0	5.308
380.7	32.10	52.0	5.308
381.7	32.12	52.0	5.308
382.7	32.13	52.0	5.308
383.7	32.15	52.0	5.308
384.7	32.16	52.0	5.304
385.7	32.18	52.0	5.308
386.7	32.20	52.0	5.304
387.7	32.21	52.0	5.308
388.7	32.23	52.0	5.308
389.7	32.24	52.0	5.304
390.7	32.26	52.0	5.308
391.7	32.27	52.0	5.304
392.7	32.29	52.0	5.308
393.7	32.31	52.0	5.304
394.7	32.32	51.9	5.304
395.7	32.34	51.9	5.304
396.7	32.35	51.9	5.304
397.7	32.36	51.9	5.308
398.7	32.38	52.0	5.304
399.7	32.39	52.0	5.304
400.7	32.41	52.0	5.304
401.7	32.42	52.0	5.304
402.7	32.44	51.9	5.304
403.7	32.45	51.9	5.308
404.7	32.47	51.9	5.304
405.7	32.48	51.9	5.308
406.7	32.50	51.9	5.304
407.7	32.52	51.9	5.308
408.7	32.53	51.9	5.308
409.7	32.54	51.9	5.304
410.7	32.56	51.9	5.308
411.7	32.57	51.9	5.308
412.7	32.59	51.9	5.308
413.7	32.60	51.9	5.308
414.7	32.62	51.8	5.308
415.7	32.63	51.8	5.304
416.7	32.65	51.9	5.308
417.7	32.67	51.9	5.304
418.7	32.68	51.9	5.308
419.7	32.70	51.9	5.304
420.7	32.71	51.9	5.308
421.7	32.73	51.9	5.304
422.7	32.74	51.8	5.308
423.7	32.75	51.8	5.308
424.7	32.77	51.8	5.304
425.7	32.78	51.8	5.304
426.7	32.79	51.8	5.308
427.7	32.81	51.8	5.304
428.8	32.82	51.8	5.308
429.7	32.84	51.8	5.304
430.8	32.85	51.8	5.304
431.8	32.86	51.8	5.308
432.8	32.88	51.8	5.308
433.8	32.90	51.8	5.308
434.8	32.91	51.8	5.308
435.8	32.93	51.8	5.304
436.8	32.94	51.8	5.304
437.8	32.95	51.8	5.308
438.8	32.97	51.8	5.308
439.8	32.98	51.8	5.304
440.8	32.99	51.8	5.308
441.8	33.01	51.8	5.304
442.8	33.02	51.8	5.308
443.8	33.04	51.8	5.308
444.8	33.05	51.8	5.308
445.8	33.06	51.8	5.304
446.8	33.08	51.8	5.304
447.8	33.09	51.8	5.308
448.8	33.11	51.8	5.308
449.8	33.12	51.8	5.308
450.8	33.14	51.8	5.304
451.8	33.15	51.8	5.308
452.8	33.17	51.8	5.308
453.8	33.19	51.8	5.304
454.8	33.20	51.8	5.304
455.8	33.22	51.8	5.304
456.8	33.23	51.7	5.304
457.8	33.24	51.7	5.304
458.8	33.26	51.7	5.308
459.8	33.27	51.7	5.308
460.8	33.29	51.8	5.304
461.8	33.30	51.8	5.308
462.8	33.32	51.7	5.304
463.8	33.33	51.7	5.304
464.8	33.34	51.7	5.304
465.8	33.36	51.7	5.304
466.8	33.37	51.7	5.308
467.8	33.38	51.7	5.308
468.8	33.39	51.7	5.308
469.8	33.40	51.7	5.304
470.8	33.42	51.7	5.308
471.8	33.43	51.7	5.308
472.8	33.44	51.7	5.308
473.8	33.46	51.7	5.304
474.8	33.47	51.7	5.304
475.8	33.48	51.7	5.304
476.8	33.50	51.7	5.304
477.8	33.51	51.7	5.308
478.8	33.53	51.7	5.308
479.8	33.54	51.7	5.304
480.8	33.55	51.7	5.304
481.8	33.56	51.7	5.308
482.8	33.58	51.7	5.308
483.8	33.60	51.7	5.308
484.8	33.61	51.7	5.308
485.8	33.63	51.7	5.304
486.9	33.64	51.6	5.308
487.8	33.65	51.6	5.304
488.9	33.67	51.6	5.262
489.9	33.68	51.6	5.233
490.9	33.69	51.7	5.208
491.9	33.71	51.7	5.162
492.9	33.72	51.6	5.133
493.9	33.74	51.6	5.092
494.9	33.75	51.6	5.051
495.9	33.76	51.6	5.022
496.9	33.77	51.6	4.982
497.9	33.79	51.6	4.957
498.9	33.80	51.6	4.933
499.9	33.81	51.6	4.909
500.9	33.82	51.6	4.884
501.9	33.84	51.6	4.840
502.9	33.85	51.6	4.812
503.9	33.86	51.6	4.777
504.9	33.88	51.6	4.748
505.9	33.90	51.6	4.716
506.9	33.91	51.6	4.673
507.9	33.92	51.6	4.634
508.9	33.94	51.6	4.595
509.9	33.95	51.6	4.567
510.9	33.96	51.6	4.540
511.9	33.98	51.6	4.501
512.9	33.99	51.6	4.478
513.9	34.00	51.6	4.455
514.9	34.01	51.6	4.432
515.9	34.03	51.6	4.394
516.9	34.04	51.6	4.363
517.9	34.05	51.6	4.325
518.9	34.07	51.6	4.302
519.9	34.08	51.6	4.276
520.9	34.09	51.5	4.238
521.9	34.10	51.5	4.216
522.9	34.11	51.6	4.193
523.9	34.13	51.6	4.156
524.9	34.14	51.5	4.130
525.9	34.16	51.5	4.093
526.9	34.17	51.5	4.067
527.9	34.18	51.5	4.045
528.9	34.20	51.6	4.009
529.9	34.21	51.6	3.983
530.9	34.22	51.5	3.943
531.9	34.23	51.5	3.925
532.9	34.24	51.5	3.904
533.9	34.26	51.5	3.878
534.9	34.26	51.4	3.843
535.9	34.27	51.4	3.835
536.9	34.28	51.4	3.817
537.9	34.29	51.4	3.796
539.0	34.30	51.4	3.765
539.9	34.31	51.4	3.743
541.0	34.32	51.4	3.722
542.0	34.33	51.4	3.701
543.0	34.34	51.4	3.684
544.0	34.36	51.4	3.659
545.0	34.37	51.4	3.634
546.0	34.38	51.4	3.604
547.0	34.39	51.4	3.579
548.0	34.40	51.4	3.558
549.0	34.41	51.3	3.538
550.0	34.42	51.3	3.517
551.0	34.43	51.3	3.497
552.0	34.44	51.3	3.480
553.0	34.45	51.3	3.459
554.0	34.45	51.3	3.443
555.0	34.46	51.3	3.435
556.0	34.47	51.3	3.419
557.0	34.48	51.2	3.402
558.0	34.48	51.2	3.385
559.0	34.49	51.2	3.382
560.0	34.49	51.2	3.365
561.0	34.50	51.2	3.349
562.0	34.50	51.2	3.345
563.0	34.51	51.2	3.332
564.0	34.51	51.2	3.325
565.0	34.52	51.1	3.312
566.0	34.52	51.1	3.309
567.0	34.53	51.2	3.305
568.0	34.54	51.2	3.285
569.0	34.55	51.2	3.269
570.0	34.55	51.2	3.249
571.0	34.56	51.1	3.233
572.0	34.57	51.1	3.216
573.0	34.58	51.1	3.210
574.0	34.58	51.1	3.193
575.0	34.59	51.1	3.177
576.0	34.59	51.1	3.174
577.0	34.60	51.0	3.158
578.0	34.60	51.0	3.154
579.0	34.61	51.0	3.142
580.0	34.61	51.0	3.135
581.0	34.62	51.0	3.122
582.0	34.62	51.0	3.119
583.0	34.62	51.0	3.106
584.0	34.63	51.0	3.099
585.0	34.63	51.0	3.096
586.0	34.64	51.0	3.084
587.0	34.64	50.9	3.084
588.0	34.64	50.9	3.080
589.0	34.65	51.0	3.068
590.0	34.66	51.0	3.061
591.1	34.66	50.9	3.045
592.1	34.66	50.9	3.042
593.1	34.66	50.9	3.029
594.1	34.66	50.9	3.029
595.1	34.67	50.8	3.029
596.1	34.67	50.8	3.026
597.1	34.67	50.8	3.026
598.1	34.67	50.8	3.026
599.1	34.67	50.8	3.023
600.1	34.67	50.8	3.023
601.1	34.68	50.8	3.010
602.1	34.69	50.8	3.007
603.1	34.69	50.7	2.991
604.1	34.69	50.7	2.991
605.1	34.69	50.7	2.991
606.1	34.69	50.7	2.991
607.1	34.69	50.7	2.991
608.1	34.69	50.7	2.991
609.1	34.69	50.7	2.991
610.1	34.69	50.7	2.991
611.1	34.70	50.8	2.991
612.1	34.70	50.8	2.976
613.1	34.70	50.6	2.972
614.1	34.70	50.6	2.972
615.1	34.70	50.6	2.972
616.1	34.70	50.6	2.972
617.1	34.71	50.7	2.972
618.1	34.71	50.7	2.960
619.1	34.72	50.6	2.957
620.1	34.72	50.6	2.950
621.1	34.72	50.6	2.938
622.1	34.72	50.6	2.941
623.1	34.72	50.6	2.950
624.1	34.73	50.6	2.938
625.1	34.73	50.6	2.935
626.1	34.73	50.6	2.922
627.1	34.74	50.6	2.919
628.1	34.74	50.6	2.916
629.1	34.74	50.5	2.904
630.1	34.74	50.5	2.916
631.1	34.73	50.4	2.916
632.1	34.73	50.4	2.919
633.1	34.74	50.5	2.922
634.1	34.74	50.5	2.919
635.1	34.74	50.4	2.916
636.1	34.73	50.4	2.919
637.2	34.73	50.4	2.919
638.1	34.73	50.4	2.931
639.2	34.73	50.4	2.935
640.2	34.73	50.4	2.935
641.2	34.73	50.4	2.938
642.2	34.73	50.4	2.938
643.2	34.73	50.3	2.941
644.2	34.72	50.3	2.950
645.2	34.72	50.3	2.954
646.2	34.72	50.3	2.957
647.2	34.72	50.3	2.957
648.2	34.72	50.3	2.957
649.2	34.72	50.3	2.969
650.2	34.72	50.3	2.969
651.2	34.72	50.3	2.969
652.2	34.72	50.3	2.972
653.2	34.72	50.3	2.976
654.2	34.71	50.3	2.976
655.2	34.71	50.3	2.976
656.2	34.71	50.3	2.976
657.2	34.71	50.2	2.985
658.2	34.71	50.2	2.988
659.2	34.71	50.2	2.988
660.2	34.71	50.2	2.988
661.2	34.71	50.2	2.991
662.2	34.71	50.2	2.991
663.2	34.71	50.2	2.991
664.2	34.71	50.2	2.991
665.2	34.71	50.2	2.995
666.2	34.71	50.2	3.004
667.2	34.71	50.2	2.995
668.2	34.71	50.2	3.007
669.2	34.71	50.2	3.007
670.2	34.71	50.2	3.007
671.2	34.71	50.2	3.007
672.2	34.71	50.2	3.007
673.2	34.70	50.2	3.010
674.2	34.70	50.2	3.010
675.2	34.70	50.2	3.010
676.2	34.70	50.2	3.010
677.2	34.70	50.2	3.010
678.2	34.70	50.2	3.014
679.2	34.70	50.2	3.023
680.2	34.70	50.2	3.014
681.2	34.70	50.2	3.023
682.2	34.70	50.2	3.023
683.2	34.70	50.1	3.026
684.2	34.70	50.1	3.026
685.2	34.70	50.1	3.026
686.2	34.70	50.1	3.026
687.3	34.70	50.1	3.026
688.2	34.70	50.1	3.026
689.3	34.70	50.1	3.029
690.3	34.70	50.1	3.029
691.3	34.70	50.1	3.029
692.3	34.70	50.1	3.029
693.3	34.70	50.1	3.029
694.3	34.70	50.1	3.029
695.3	34.70	50.1	3.038
696.3	34.70	50.1	3.029
697.3	34.70	50.1	3.042
698.3	34.70	50.1	3.042
699.3	34.70	50.0	3.042
700.3	34.70	50.0	3.042
701.3	34.70	50.0	3.042
702.3	34.70	50.0	3.042
703.3	34.70	50.0	3.042
704.3	34.70	50.0	3.042
705.3	34.70	50.0	3.045
706.3	34.70	50.0	3.045
707.3	34.70	50.0	3.045
708.3	34.70	50.0	3.045
709.3	34.70	50.0	3.045
710.3	34.70	50.0	3.045
711.3	34.70	50.0	3.045
712.3	34.70	50.0	3.045
713.3	34.70	50.0	3.045
714.3	34.70	50.0	3.049
715.3	34.70	50.0	3.049
716.3	34.70	50.0	3.049
717.3	34.70	50.0	3.049
718.3	34.70	50.0	3.058
719.3	34.70	50.0	3.049
720.3	34.70	50.0	3.049
721.3	34.70	50.0	3.061
722.3	34.70	50.0	3.061
723.3	34.70	50.0	3.061
724.3	34.71	50.0	3.049
725.3	34.72	50.0	3.042
726.3	34.72	50.0	3.029
727.3	34.72	50.0	3.026
728.3	34.73	50.0	3.014
729.3	34.73	50.0	3.010
730.3	34.73	50.0	3.007
731.3	34.74	50.0	3.004
732.3	34.74	50.0	2.991
733.3	34.74	50.0	2.988
734.3	34.75	50.0	2.976
735.3	34.75	50.0	2.976
736.3	34.75	50.0	2.972
737.4	34.75	49.9	2.969
738.3	34.75	49.9	2.972
739.4	34.75	50.0	2.985
740.4	34.75	50.0	2.972
741.4	34.75	50.0	2.972
742.4	34.76	50.0	2.969
743.4	34.76	50.0	2.966
744.4	34.76	50.0	2.957
745.4	34.76	50.0	2.954
746.4	34.76	50.0	2.954
747.4	34.76	49.9	2.950
748.4	34.76	49.9	2.957
749.4	34.76	49.9	2.969
750.4	34.76	49.9	2.957
751.4	34.76	49.9	2.957
752.4	34.76	49.9	2.969
753.4	34.76	49.9	2.972
754.4	34.76	49.9	2.969
755.4	34.76	49.9	2.960
756.4	34.76	49.9	2.957
757.4	34.77	49.9	2.957
758.4	34.77	49.9	2.954
759.4	34.77	49.9	2.954
760.4	34.77	49.9	2.950
761.4	34.77	49.9	2.950
762.4	34.77	49.9	2.950
763.4	34.77	49.9	2.938
764.4	34.78	49.9	2.938
765.4	34.78	49.9	2.938
766.4	34.78	49.9	2.938
767.4	34.78	49.9	2.935
768.4	34.78	49.9	2.935
769.4	34.78	49.8	2.935
770.4	34.78	49.8	2.931
771.4	34.78	49.9	2.931
772.4	34.78	49.9	2.931
773.4	34.79	49.9	2.931
774.4	34.80	49.9	2.919
775.4	34.80	49.9	2.904
776.4	34.81	49.9	2.897
777.4	34.80	49.8	2.885
778.4	34.80	49.8	2.897
779.4	34.81	49.9	2.897
780.4	34.81	49.9	2.882
781.4	34.82	49.9	2.879
782.4	34.82	49.9	2.867
783.4	34.83	49.9	2.863
784.4	34.83	49.9	2.851
785.4	34.83	49.8	2.848
786.4	34.83	49.8	2.848
787.4	34.83	49.9	2.851
788.4	34.83	49.9	2.848
789.4	34.84	49.9	2.845
790.4	34.84	49.9	2.833
791.5	34.84	49.9	2.829
792.4	34.85	49.9	2.826
793.5	34.85	49.9	2.826
794.5	34.85	49.9	2.814
795.5	34.85	49.9	2.811
796.5	34.86	49.9	2.811
797.5	34.86	49.8	2.799
798.5	34.86	49.8	2.799
799.5	34.86	49.8	2.796
800.5	34.87	49.8	2.793
801.5	34.87	49.8	2.793
802.5	34.87	49.8	2.793
803.5	34.87	49.8	2.789
804.5	34.87	49.8	2.781
805.5	34.87	49.8	2.781
806.5	34.87	49.8	2.778
807.5	34.88	49.8	2.778
808.5	34.88	49.8	2.778
809.5	34.88	49.8	2.774
809.7	34.88	49.8	2.778
810.7	34.88	49.8	2.774
811.7	34.88	49.8	2.774
812.7	34.88	49.8	2.774
813.7	34.88	49.8	2.766
814.7	34.88	49.8	2.763
815.7	34.89	49.8	2.763
816.7	34.89	49.8	2.756
817.7	34.89	49.7	2.744
818.7	34.90	49.7	2.744
819.7	34.90	49.7	2.744
820.7	34.90	49.7	2.744
821.7	34.90	49.8	2.744
822.7	34.91	49.8	2.741
823.7	34.91	49.7	2.726
824.7	34.91	49.7	2.726
825.7	34.91	49.8	2.729
826.7	34.91	49.8	2.723
827.7	34.92	49.8	2.711
828.7	34.92	49.8	2.708
829.7	34.92	49.7	2.705
830.7	34.92	49.7	2.705
831.7	34.92	49.8	2.708
832.7	34.93	49.8	2.705
833.7	34.93	49.7	2.690
834.7	34.94	49.7	2.687
835.7	34.94	49.7	2.687
836.7	34.94	49.7	2.675
837.7	34.94	49.7	2.672
838.7	34.95	49.7	2.669
839.7	34.95	49.7	2.657
840.7	34.94	49.7	2.669
841.7	34.95	49.7	2.672
842.7	34.95	49.7	2.672
843.7	34.95	49.7	2.660
844.7	34.95	49.7	2.657
845.7	34.96	49.7	2.654
846.7	34.96	49.7	2.654
847.7	34.96	49.7	2.643
848.7	34.96	49.7	2.643
849.7	34.96	49.7	2.640
850.7	34.97	49.7	2.640
851.7	34.97	49.7	2.636
852.7	34.97	49.7	2.636
853.7	34.97	49.7	2.633
854.7	34.97	49.7	2.625
855.7	34.97	49.7	2.625
856.7	34.98	49.7	2.622
857.7	34.98	49.7	2.622
858.7	34.98	49.7	2.622
859.7	34.98	49.7	2.619
860.7	34.98	49.7	2.619
861.7	34.98	49.6	2.619
862.7	34.98	49.6	2.619
863.7	34.98	49.6	2.619
864.7	34.98	49.6	2.607
865.7	34.98	49.6	2.607
866.7	34.98	49.6	2.607
867.7	34.99	49.6	2.607
868.7	34.99	49.6	2.607
869.7	34.99	49.6	2.607
870.7	34.99	49.6	2.607
871.7	34.99	49.6	2.604
872.7	34.99	49.6	2.604
873.7	34.99	49.6	2.604
874.7	34.99	49.6	2.607
875.7	34.99	49.6	2.604
876.7	34.99	49.6	2.604
877.7	35.00	49.6	2.604
878.7	35.00	49.6	2.593
879.7	35.00	49.5	2.586
880.7	35.00	49.5	2.589
881.7	35.00	49.5	2.589
882.7	35.00	49.5	2.589
883.7	35.00	49.5	2.589
884.7	35.00	49.5	2.589
885.7	35.01	49.6	2.589
886.7	35.01	49.6	2.578
887.7	35.01	49.5	2.572
888.7	35.01	49.5	2.575
889.7	35.01	49.6	2.575
890.7	35.02	49.6	2.572
891.7	35.02	49.6	2.557
892.7	35.03	49.6	2.554
893.7	35.02	49.5	2.551
894.7	35.02	49.5	2.554
895.7	35.03	49.5	2.554
896.7	35.03	49.5	2.543
897.7	35.03	49.5	2.540
898.7	35.04	49.5	2.537
899.7	35.04	49.5	2.534
900.7	35.04	49.5	2.522
901.7	35.05	49.5	2.522
902.7	35.05	49.5	2.519
903.7	35.05	49.5	2.508
904.7	35.05	49.5	2.508
905.7	35.06	49.5	2.505
906.7	35.06	49.5	2.494
907.7	35.06	49.5	2.502
908.7	35.06	49.5	2.491
909.7	35.06	49.5	2.491
910.7	35.07	49.5	2.488
911.7	35.07	49.5	2.488
912.7	35.07	49.5	2.485
913.7	35.07	49.5	2.485
914.7	35.07	49.5	2.476
915.7	35.07	49.5	2.473
916.7	35.08	49.5	2.473
917.7	35.08	49.4	2.473
918.7	35.08	49.4	2.470
919.7	35.08	49.4	2.470
920.7	35.08	49.4	2.470
921.7	35.08	49.4	2.470
922.7	35.08	49.4	2.470
923.7	35.08	49.4	2.470
924.7	35.08	49.4	2.467
925.7	35.08	49.4	2.459
926.7	35.09	49.4	2.467
927.7	35.09	49.4	2.459
928.7	35.09	49.4	2.456
929.7	35.09	49.4	2.459
930.7	35.09	49.4	2.459
931.7	35.09	49.4	2.456
932.7	35.09	49.4	2.456
933.7	35.09	49.4	2.456
934.7	35.09	49.4	2.456
935.7	35.09	49.3	2.456
936.7	35.09	49.3	2.456
937.7	35.09	49.3	2.456
938.7	35.09	49.3	2.456
939.7	35.09	49.3	2.456
940.7	35.09	49.3	2.456
941.7	35.09	49.3	2.456
942.7	35.09	49.3	2.456
943.7	35.10	49.4	2.456
944.7	35.10	49.4	2.442
945.8	35.10	49.3	2.439
946.7	35.10	49.3	2.439
947.8	35.11	49.4	2.439
948.8	35.11	49.4	2.428
949.8	35.12	49.4	2.425
950.8	35.12	49.4	2.419
951.8	35.12	49.3	2.408
952.8	35.13	49.3	2.405
953.8	35.13	49.3	2.394
954.8	35.14	49.3	2.391
955.8	35.14	49.3	2.388
956.8	35.14	49.3	2.377
957.8	35.15	49.3	2.377
958.8	35.15	49.3	2.374
959.8	35.15	49.3	2.363
960.8	35.15	49.3	2.363
961.8	35.16	49.3	2.360
962.8	35.16	49.3	2.357
963.8	35.16	49.3	2.346
964.8	35.16	49.3	2.346
965.8	35.16	49.3	2.343
966.8	35.16	49.3	2.343
967.8	35.17	49.3	2.343
968.8	35.17	49.3	2.340
969.8	35.16	49.2	2.340
970.8	35.16	49.2	2.343
971.8	35.16	49.3	2.346
972.8	35.17	49.3	2.346
973.8	35.17	49.3	2.343
974.8	35.17	49.3	2.343
975.8	35.17	49.2	2.340
976.8	35.17	49.2	2.332
977.8	35.17	49.2	2.329
978.8	35.17	49.2	2.329
979.8	35.18	49.2	2.329
980.8	35.18	49.2	2.329
981.8	35.18	49.2	2.326
982.8	35.18	49.2	2.326
983.8	35.18	49.2	2.326
984.8	35.18	49.2	2.323
985.8	35.18	49.2	2.323
986.8	35.18	49.2	2.323
987.8	35.18	49.2	2.323
988.8	35.19	49.2	0.136
