[HEADER]
K_p=4.0
K_i=0.003

[DATA]
time	temperature	humidity	heater power
[s]	[±0.5 °C]	[±3 pct]	[±0.05 W]
0.0	25.72	46.6	0.000
1.0	25.72	46.6	5.340
2.0	25.71	46.5	5.344
3.0	25.71	46.5	5.340
4.0	25.71	46.4	5.344
5.0	25.71	46.4	5.344
6.0	25.71	46.4	5.340
7.0	25.71	46.4	5.340
8.0	25.71	46.4	5.344
9.0	25.71	46.4	5.344
10.0	25.71	46.3	5.344
11.0	25.71	46.3	5.340
12.0	25.71	46.3	5.340
13.0	25.71	46.3	5.344
14.0	25.71	46.3	5.344
15.0	25.72	46.3	5.340
16.0	25.72	46.3	5.340
17.0	25.73	46.3	5.344
18.0	25.73	46.3	5.332
19.0	25.73	46.3	5.332
20.0	25.74	46.3	5.344
21.0	25.74	46.3	5.332
22.0	25.75	46.4	5.332
23.0	25.75	46.4	5.332
24.0	25.76	46.4	5.332
25.0	25.77	46.4	5.332
26.0	25.78	46.4	5.340
27.0	25.78	46.4	5.328
28.1	25.79	46.5	5.332
29.0	25.80	46.5	5.332
30.1	25.81	46.5	5.328
31.1	25.82	46.5	5.328
32.1	25.83	46.5	5.328
33.1	25.84	46.5	5.332
34.1	25.85	46.6	5.328
35.1	25.86	46.6	5.328
36.1	25.88	46.6	5.328
37.1	25.89	46.6	5.332
38.1	25.90	46.7	5.328
39.1	25.92	46.7	5.332
40.1	25.94	46.7	5.328
41.1	25.96	46.7	5.332
42.1	25.97	46.7	5.328
43.1	25.99	46.7	5.328
44.1	26.01	46.8	5.332
45.1	26.03	46.8	5.328
46.1	26.05	46.8	5.328
47.1	26.07	46.8	5.328
48.1	26.09	46.9	5.332
49.1	26.11	46.9	5.332
50.1	26.13	46.9	5.332
51.1	26.15	46.9	5.332
52.1	26.16	46.9	5.328
53.1	26.18	46.9	5.332
54.1	26.20	47.0	5.332
55.1	26.22	47.0	5.332
56.1	26.25	47.0	5.332
57.1	26.27	47.0	5.332
58.1	26.29	47.0	5.332
59.1	26.31	47.0	5.328
60.1	26.34	47.1	5.332
61.1	26.36	47.1	5.332
62.1	26.39	47.1	5.332
63.1	26.41	47.1	5.328
64.1	26.43	47.1	5.328
65.1	26.46	47.1	5.332
66.1	26.49	47.2	5.328
67.1	26.51	47.2	5.332
68.1	26.54	47.2	5.332
69.1	26.57	47.2	5.332
70.1	26.59	47.2	5.328
71.1	26.62	47.2	5.328
72.1	26.65	47.3	5.328
73.1	26.68	47.3	5.328
74.1	26.70	47.3	5.328
75.1	26.73	47.3	5.316
76.1	26.76	47.3	5.332
77.1	26.78	47.3	5.332
78.2	26.82	47.4	5.332
79.1	26.84	47.4	5.332
80.2	26.87	47.4	5.328
81.2	26.90	47.4	5.328
82.2	26.93	47.4	5.320
83.2	26.96	47.4	5.316
84.2	26.99	47.5	5.316
85.2	27.02	47.5	5.332
86.2	27.05	47.5	5.316
87.2	27.08	47.5	5.316
88.2	27.11	47.5	5.332
89.2	27.14	47.5	5.332
90.2	27.16	47.5	5.316
91.2	27.19	47.5	5.320
92.2	27.22	47.5	5.316
93.2	27.25	47.5	5.320
94.2	27.28	47.6	5.316
95.2	27.31	47.6	5.316
96.2	27.35	47.6	5.316
97.2	27.38	47.6	5.316
98.2	27.41	47.6	5.316
99.2	27.44	47.6	5.320
100.2	27.47	47.6	5.320
101.2	27.51	47.6	5.320
102.2	27.54	47.6	5.316
103.2	27.56	47.6	5.320
104.2	27.60	47.7	5.316
105.2	27.63	47.7	5.320
106.2	27.66	47.7	5.320
107.2	27.69	47.7	5.320
108.2	27.72	47.7	5.316
109.2	27.75	47.7	5.320
110.2	27.78	47.7	5.320
111.2	27.81	47.7	5.320
112.2	27.85	47.8	5.320
113.2	27.88	47.8	5.316
114.2	27.91	47.8	5.320
115.2	27.94	47.8	5.320
116.2	27.97	47.8	5.316
117.2	28.01	47.8	5.320
118.2	28.04	47.8	5.316
119.2	28.07	47.8	5.316
120.2	28.11	47.8	5.320
121.2	28.13	47.8	5.320
122.2	28.17	47.8	5.320
123.2	28.20	47.8	5.320
124.2	28.23	47.8	5.320
125.2	28.26	47.8	5.320
126.2	28.29	47.9	5.320
127.2	28.32	47.9	5.320
128.2	28.35	47.8	5.316
129.2	28.38	47.8	5.320
130.2	28.41	47.9	5.320
131.2	28.44	47.9	5.316
132.2	28.47	47.9	5.320
133.2	28.50	47.9	5.320
134.3	28.53	47.9	5.316
135.3	28.56	47.9	5.316
136.3	28.59	47.9	5.320
137.3	28.62	47.9	5.320
138.3	28.66	47.9	5.320
139.3	28.69	47.9	5.316
140.3	28.72	47.9	5.316
141.3	28.75	47.9	5.320
142.3	28.78	47.9	5.316
143.3	28.81	47.9	5.320
144.3	28.84	47.9	5.320
145.3	28.87	47.9	5.316
146.3	28.90	48.0	5.320
147.3	28.93	48.0	5.316
148.3	28.96	48.0	5.320
149.3	29.00	48.0	5.320
150.3	29.03	47.9	5.316
151.3	29.05	47.9	5.316
152.3	29.08	47.9	5.320
153.3	29.11	47.9	5.320
154.3	29.14	48.0	5.320
155.3	29.17	48.0	5.320
156.3	29.20	48.0	5.320
157.3	29.23	48.0	5.316
158.3	29.26	48.0	5.320
159.3	29.28	48.0	5.316
160.3	29.31	48.0	5.320
161.3	29.34	48.0	5.320
162.3	29.37	48.0	5.320
163.3	29.40	48.0	5.316
164.3	29.43	48.0	5.320
165.3	29.46	48.0	5.320
166.3	29.48	48.0	5.316
167.3	29.51	48.0	5.316
168.3	29.54	48.0	5.320
169.3	29.57	48.0	5.308
170.3	29.60	48.0	5.320
171.3	29.63	48.0	5.320
172.3	29.66	48.0	5.316
173.3	29.68	48.0	5.320
174.3	29.71	48.0	5.320
175.3	29.75	48.0	5.316
176.3	29.77	48.0	5.320
177.3	29.80	48.0	5.316
178.3	29.83	48.0	5.316
179.3	29.86	48.0	5.316
180.3	29.88	48.0	5.320
181.3	29.91	48.0	5.320
182.3	29.94	48.0	5.320
183.3	29.97	48.0	5.316
184.3	29.99	48.0	5.316
185.3	30.02	48.0	5.316
186.3	30.05	48.0	5.320
187.3	30.08	48.0	5.316
188.4	30.11	48.1	5.320
189.4	30.14	48.1	5.320
190.4	30.16	48.0	5.316
191.4	30.19	48.0	5.316
192.4	30.22	48.1	5.316
193.4	30.25	48.1	5.320
194.4	30.28	48.0	5.320
195.4	30.30	48.0	5.320
196.4	30.33	48.0	5.320
197.4	30.35	48.0	5.304
198.4	30.38	48.0	5.316
199.4	30.41	48.0	5.320
200.4	30.44	48.0	5.320
201.4	30.46	48.0	5.316
202.4	30.49	48.0	5.304
203.4	30.52	48.0	5.320
204.4	30.55	48.1	5.316
205.4	30.57	48.1	5.320
206.4	30.60	48.0	5.320
207.4	30.62	48.0	5.320
208.4	30.65	48.0	5.320
209.4	30.67	48.0	5.320
210.4	30.70	48.0	5.304
211.4	30.72	48.0	5.320
212.4	30.75	48.0	5.316
213.4	30.77	48.0	5.304
214.4	30.80	48.0	5.320
214.6	30.80	48.0	5.304
215.6	30.82	48.0	5.308
216.6	30.84	48.0	5.320
217.6	30.87	48.0	5.316
218.6	30.89	48.0	5.304
219.6	30.92	48.0	5.316
220.6	30.94	48.0	5.308
221.6	30.97	48.0	5.304
222.6	30.99	48.0	5.320
223.6	31.02	48.0	5.304
224.6	31.05	48.0	5.304
225.6	31.07	48.0	5.316
226.6	31.10	48.0	5.304
227.6	31.13	48.0	5.308
228.6	31.15	48.0	5.304
229.6	31.17	48.0	5.304
230.6	31.20	48.0	5.308
231.6	31.22	48.0	5.304
232.6	31.25	47.9	5.308
233.6	31.27	47.9	5.308
234.6	31.30	48.0	5.304
235.6	31.32	48.0	5.304
236.6	31.35	47.9	5.316
237.6	31.37	47.9	5.308
238.6	31.39	48.0	5.308
239.6	31.42	48.0	5.304
240.6	31.44	47.9	5.308
241.6	31.47	47.9	5.304
242.6	31.49	48.0	5.304
243.6	31.52	48.0	5.308
244.6	31.54	47.9	5.304
245.6	31.57	47.9	5.308
246.6	31.59	48.0	5.304
247.6	31.62	48.0	5.308
248.6	31.64	48.0	5.308
249.6	31.66	48.0	5.304
250.6	31.69	47.9	5.308
251.6	31.71	47.9	5.308
252.6	31.73	48.0	5.304
253.6	31.75	48.0	5.304
254.6	31.78	48.0	5.308
255.6	31.81	48.0	5.304
256.6	31.83	48.0	5.308
257.6	31.86	48.0	5.304
258.6	31.88	47.9	5.308
259.6	31.90	47.9	5.304
260.6	31.93	48.0	5.304
261.6	31.95	48.0	5.308
262.6	31.97	47.9	5.308
263.6	31.99	47.9	5.304
264.6	32.02	48.0	5.308
265.6	32.04	48.0	5.304
266.6	32.06	47.9	5.308
267.6	32.09	47.9	5.304
268.6	32.11	47.9	5.304
269.6	32.13	47.9	5.308
270.6	32.15	47.9	5.304
271.6	32.17	47.9	5.304
272.6	32.19	47.9	5.308
273.6	32.22	47.9	5.304
274.6	32.24	47.9	5.304
275.6	32.26	47.9	5.308
276.6	32.28	47.9	5.308
277.6	32.30	47.9	5.308
278.6	32.32	47.8	5.308
279.6	32.34	47.8	5.304
280.6	32.37	47.9	5.308
281.6	32.39	47.9	5.304
282.6	32.41	47.9	5.308
283.6	32.43	47.9	5.304
284.6	32.45	47.9	5.308
285.6	32.47	47.9	5.304
286.6	32.49	47.8	5.304
287.6	32.52	47.8	5.308
288.6	32.53	47.8	5.304
289.6	32.55	47.8	5.308
290.6	32.58	47.9	5.304
291.6	32.60	47.9	5.304
292.6	32.62	47.8	5.308
293.6	32.64	47.8	5.308
294.6	32.66	47.9	5.304
295.6	32.68	47.9	5.308
296.6	32.70	47.8	5.308
297.6	32.72	47.8	5.308
298.6	32.74	47.8	5.304
299.6	32.76	47.8	5.304
300.6	32.78	47.8	5.308
301.6	32.80	47.8	5.308
302.6	32.82	47.8	5.304
303.6	32.84	47.8	5.308
304.6	32.86	47.8	5.308
305.6	32.88	47.8	5.308
306.6	32.91	47.8	5.308
307.6	32.93	47.8	5.304
308.6	32.95	47.8	5.304
309.6	32.97	47.8	5.304
310.6	32.99	47.8	5.308
311.6	33.01	47.8	5.308
312.6	33.03	47.7	5.304
313.6	33.05	47.7	5.308
314.6	33.07	47.8	5.308
315.6	33.09	47.8	5.308
316.6	33.12	47.8	5.308
317.6	33.13	47.8	5.308
318.6	33.16	47.8	5.304
319.6	33.18	47.8	5.308
320.6	33.20	47.7	5.308
321.6	33.22	47.7	5.308
322.6	33.24	47.7	5.304
323.6	33.26	47.7	5.304
324.6	33.27	47.7	5.308
325.6	33.29	47.7	5.304
326.6	33.31	47.7	5.308
327.6	33.33	47.7	5.304
328.6	33.35	47.7	5.308
329.6	33.37	47.7	5.308
330.6	33.39	47.7	5.308
331.6	33.41	47.7	5.304
332.6	33.43	47.7	5.308
333.6	33.45	47.7	5.304
334.6	33.47	47.7	5.304
335.6	33.49	47.7	5.308
336.6	33.51	47.7	5.308
337.6	33.53	47.7	5.308
338.6	33.55	47.7	5.304
339.6	33.57	47.7	5.308
340.6	33.59	47.7	5.304
341.6	33.61	47.7	5.304
342.6	33.63	47.7	5.308
343.6	33.65	47.7	5.308
344.7	33.66	47.6	5.304
345.6	33.68	47.6	5.308
346.7	33.70	47.7	5.308
347.7	33.72	47.7	5.308
348.7	33.74	47.6	5.308
349.7	33.76	47.6	5.308
350.7	33.78	47.6	5.308
351.7	33.79	47.6	5.304
352.7	33.81	47.6	5.304
353.7	33.83	47.6	5.304
354.7	33.85	47.6	5.304
355.7	33.87	47.6	5.304
356.7	33.88	47.6	5.308
357.7	33.90	47.6	5.304
358.7	33.92	47.6	5.308
359.7	33.94	47.6	5.304
360.7	33.96	47.6	5.308
361.7	33.98	47.6	5.304
362.7	33.99	47.6	5.308
363.7	34.01	47.6	5.304
364.7	34.03	47.6	5.308
365.7	34.05	47.6	5.308
366.7	34.06	47.6	5.304
367.7	34.08	47.6	5.304
368.7	34.10	47.6	5.308
369.7	34.12	47.6	5.304
370.7	34.14	47.6	5.308
371.7	34.16	47.6	5.308
372.7	34.17	47.6	5.308
373.7	34.19	47.6	5.308
374.7	34.21	47.6	5.304
375.7	34.23	47.6	5.308
376.7	34.25	47.5	5.308
377.7	34.27	47.5	5.308
378.7	34.28	47.5	5.304
379.7	34.30	47.5	5.308
380.7	34.31	47.5	5.308
381.7	34.33	47.5	5.304
382.7	34.35	47.5	5.308
383.7	34.37	47.5	5.308
384.7	34.38	47.5	5.308
385.7	34.40	47.5	5.304
386.7	34.42	47.5	5.304
387.7	34.44	47.5	5.308
388.7	34.45	47.5	5.304
389.7	34.47	47.5	5.304
390.7	34.49	47.5	5.308
391.7	34.50	47.5	5.308
392.7	34.52	47.5	5.304
393.7	34.54	47.5	5.304
394.7	34.56	47.5	5.308
395.7	34.58	47.5	5.308
396.7	34.60	47.5	5.308
397.7	34.62	47.5	5.304
398.8	34.64	47.5	5.308
399.8	34.66	47.5	5.304
400.8	34.67	47.4	5.308
401.8	34.69	47.4	5.304
402.8	34.70	47.4	5.304
403.8	34.72	47.4	5.304
404.8	34.73	47.4	5.304
405.8	34.75	47.4	5.308
406.8	34.77	47.4	5.308
407.8	34.78	47.4	5.308
408.8	34.80	47.4	5.304
409.8	34.81	47.4	5.304
410.8	34.83	47.4	5.304
411.8	34.85	47.4	5.304
412.8	34.87	47.4	5.308
413.8	34.88	47.4	5.308
414.8	34.90	47.4	5.304
415.8	34.91	47.4	5.308
416.8	34.93	47.4	5.308
417.8	34.95	47.4	5.304
418.8	34.97	47.4	5.308
419.8	34.99	47.4	5.304
420.8	35.01	47.4	5.304
421.8	35.03	47.4	5.308
422.8	35.05	47.4	5.308
423.8	35.06	47.4	5.308
424.8	35.08	47.4	5.308
425.8	35.10	47.4	5.304
426.8	35.11	47.3	5.308
427.8	35.13	47.3	5.308
428.8	35.14	47.4	5.308
429.8	35.16	47.4	5.308
430.8	35.18	47.4	5.304
431.8	35.20	47.4	5.308
432.8	35.21	47.3	5.304
433.8	35.23	47.3	5.304
434.8	35.24	47.3	5.308
435.8	35.25	47.3	5.304
436.8	35.27	47.3	5.304
437.8	35.29	47.3	5.308
438.8	35.30	47.3	5.304
439.8	35.32	47.3	5.304
440.8	35.34	47.4	5.304
441.8	35.35	47.4	5.308
442.8	35.37	47.3	5.308
443.8	35.39	47.3	5.304
444.8	35.40	47.3	5.304
445.8	35.42	47.3	5.308
446.8	35.44	47.3	5.308
447.8	35.45	47.3	5.308
448.8	35.47	47.3	5.308
449.8	35.49	47.3	5.304
450.9	35.50	47.3	5.304
451.9	35.52	47.3	5.304
452.9	35.54	47.3	5.308
453.9	35.56	47.3	5.304
454.9	35.57	47.3	5.308
455.9	35.59	47.3	5.304
456.9	35.60	47.2	5.304
457.9	35.62	47.2	5.308
458.9	35.64	47.3	5.304
459.9	35.66	47.3	5.308
460.9	35.67	47.3	5.304
461.9	35.69	47.3	5.308
462.9	35.71	47.2	5.308
463.9	35.72	47.2	5.304
464.9	35.73	47.2	5.308
465.9	35.75	47.2	5.308
466.9	35.76	47.2	5.308
467.9	35.77	47.2	5.308
468.9	35.79	47.2	5.304
469.9	35.80	47.2	5.304
470.9	35.82	47.2	5.308
471.9	35.84	47.2	5.304
472.9	35.86	47.2	5.304
473.9	35.87	47.2	5.304
474.9	35.88	47.2	5.308
475.9	35.90	47.2	5.308
476.9	35.91	47.2	5.308
477.9	35.93	47.2	5.308
478.9	35.95	47.2	5.308
479.9	35.97	47.2	5.308
480.9	35.98	47.2	5.304
481.9	36.00	47.2	5.308
482.9	36.01	47.1	5.308
483.9	36.03	47.1	5.308
484.9	36.05	47.2	5.308
485.9	36.06	47.2	5.308
486.9	36.08	47.2	5.304
487.9	36.10	47.2	5.308
488.9	36.11	47.1	5.308
489.9	36.13	47.1	5.308
490.9	36.14	47.1	5.308
491.9	36.15	47.1	5.308
492.9	36.17	47.1	5.304
493.9	36.19	47.1	5.288
494.9	36.20	47.1	5.233
495.9	36.22	47.1	5.171
496.9	36.23	47.1	5.121
497.9	36.24	47.1	5.076
498.9	36.26	47.0	5.031
499.9	36.27	47.0	4.998
501.0	36.29	47.1	4.953
501.9	36.30	47.1	4.893
503.0	36.32	47.1	4.840
504.0	36.33	47.1	4.796
505.0	36.34	47.0	4.748
506.0	36.36	47.0	4.705
507.0	36.37	47.1	4.673
508.0	36.39	47.1	4.614
509.0	36.41	47.0	4.563
510.0	36.42	47.0	4.517
511.0	36.44	47.0	4.459
512.0	36.45	47.0	4.417
513.0	36.47	47.1	4.386
514.0	36.48	47.1	4.325
515.0	36.50	47.0	4.280
516.0	36.51	47.0	4.224
517.0	36.53	47.0	4.179
518.0	36.54	47.0	4.134
519.0	36.55	47.0	4.093
520.0	36.57	47.0	4.053
521.0	36.58	47.0	4.013
522.0	36.59	47.0	3.983
523.0	36.60	47.0	3.947
524.0	36.62	47.0	3.904
525.0	36.63	46.9	3.860
526.0	36.65	46.9	3.817
527.0	36.66	46.9	3.778
528.0	36.67	46.9	3.740
529.0	36.69	47.0	3.701
530.0	36.70	47.0	3.659
531.0	36.72	46.9	3.617
532.0	36.73	46.9	3.576
533.0	36.75	46.9	3.524
534.0	36.76	46.9	3.497
535.0	36.77	46.9	3.459
536.0	36.78	46.9	3.422
537.0	36.79	46.8	3.389
538.0	36.80	46.8	3.365
539.0	36.81	46.8	3.332
540.0	36.82	46.8	3.309
541.0	36.84	46.9	3.276
542.0	36.85	46.9	3.240
543.0	36.86	46.8	3.200
544.0	36.87	46.8	3.174
545.0	36.88	46.8	3.142
546.0	36.90	46.8	3.106
547.0	36.91	46.8	3.084
548.0	36.92	46.8	3.052
549.0	36.92	46.7	3.029
550.0	36.93	46.7	3.007
551.0	36.94	46.7	2.979
552.0	36.95	46.7	2.960
553.0	36.96	46.8	2.938
554.0	36.97	46.8	2.904
555.1	36.99	46.7	2.873
556.0	37.00	46.7	2.848
557.1	37.01	46.7	2.817
558.1	37.02	46.7	2.796
559.1	37.02	46.7	2.766
560.1	37.03	46.7	2.744
561.1	37.04	46.6	2.726
562.1	37.05	46.6	2.700
563.1	37.06	46.6	2.678
564.1	37.06	46.6	2.660
565.1	37.07	46.6	2.643
566.1	37.08	46.6	2.625
567.1	37.08	46.5	2.610
568.1	37.09	46.5	2.596
569.1	37.10	46.5	2.578
570.1	37.10	46.5	2.563
571.1	37.11	46.4	2.557
572.1	37.11	46.4	2.543
573.1	37.12	46.4	2.528
574.1	37.12	46.4	2.522
575.1	37.12	46.4	2.508
576.1	37.13	46.4	2.497
577.1	37.13	46.4	2.491
578.1	37.13	46.4	2.485
579.1	37.14	46.4	2.473
580.1	37.14	46.4	2.462
581.1	37.14	46.3	2.456
582.1	37.15	46.3	2.445
583.1	37.15	46.3	2.442
584.1	37.15	46.3	2.431
585.1	37.15	46.3	2.428
586.1	37.16	46.3	2.425
587.1	37.16	46.3	2.414
588.1	37.16	46.3	2.411
589.1	37.16	46.3	2.408
590.1	37.16	46.3	2.397
591.1	37.17	46.2	2.394
592.1	37.17	46.2	2.394
593.1	37.17	46.2	2.391
594.1	37.17	46.2	2.383
595.1	37.17	46.2	2.380
596.1	37.17	46.2	2.377
597.1	37.17	46.2	2.374
598.1	37.18	46.2	2.374
599.1	37.18	46.2	2.366
600.1	37.18	46.2	2.363
601.1	37.18	46.1	2.360
602.1	37.18	46.1	2.360
603.1	37.18	46.1	2.349
604.1	37.18	46.1	2.349
605.1	37.18	46.1	2.349
606.1	37.18	46.1	2.346
607.1	37.19	46.1	2.346
608.1	37.19	46.1	2.343
609.1	37.19	46.0	2.343
610.1	37.19	46.0	2.340
611.2	37.19	46.0	2.343
612.1	37.19	46.0	2.332
613.2	37.19	46.0	2.332
614.2	37.19	46.0	2.329
615.2	37.19	46.0	2.329
616.2	37.19	46.0	2.329
617.2	37.19	46.0	2.326
618.2	37.19	46.0	2.326
619.2	37.19	46.0	2.326
620.2	37.19	46.0	2.326
621.2	37.19	45.9	2.326
622.2	37.18	45.9	2.329
623.2	37.18	45.9	2.346
624.2	37.17	45.9	2.349
625.2	37.17	45.8	2.360
626.2	37.17	45.8	2.374
627.2	37.16	45.8	2.377
628.2	37.16	45.8	2.391
629.2	37.16	45.8	2.394
630.2	37.16	45.8	2.405
631.2	37.15	45.8	2.408
632.2	37.15	45.8	2.411
633.2	37.15	45.8	2.422
634.2	37.15	45.8	2.425
635.2	37.14	45.8	2.428
636.2	37.14	45.8	2.439
637.2	37.14	45.8	2.442
638.2	37.14	45.8	2.442
639.2	37.13	45.8	2.445
640.2	37.13	45.8	2.456
641.2	37.13	45.8	2.459
642.2	37.13	45.8	2.467
643.2	37.13	45.7	2.462
644.2	37.13	45.7	2.470
645.2	37.13	45.7	2.473
646.2	37.12	45.7	2.473
647.2	37.12	45.7	2.476
648.2	37.12	45.7	2.476
649.2	37.12	45.7	2.488
650.2	37.12	45.7	2.488
651.2	37.11	45.6	2.488
652.2	37.11	45.6	2.505
653.2	37.10	45.6	2.511
654.2	37.10	45.6	2.525
655.2	37.09	45.6	2.540
656.2	37.09	45.6	2.554
657.2	37.08	45.6	2.560
658.2	37.08	45.6	2.575
659.2	37.08	45.6	2.589
660.2	37.07	45.6	2.593
661.2	37.07	45.6	2.604
662.2	37.06	45.6	2.610
663.2	37.06	45.6	2.622
664.2	37.06	45.6	2.625
665.2	37.06	45.6	2.640
666.2	37.05	45.6	2.643
667.3	37.05	45.6	2.654
668.2	37.05	45.6	2.657
669.3	37.05	45.5	2.660
670.3	37.04	45.5	2.672
671.3	37.04	45.5	2.675
672.3	37.04	45.5	2.675
673.3	37.04	45.5	2.687
674.3	37.03	45.5	2.690
675.3	37.03	45.5	2.693
676.3	37.03	45.5	2.696
677.3	37.03	45.5	2.705
678.3	37.03	45.5	2.708
679.3	37.03	45.5	2.711
680.3	37.03	45.5	2.720
681.3	37.02	45.5	2.711
682.3	37.02	45.5	2.723
683.3	37.02	45.5	2.723
684.3	37.02	45.5	2.726
685.3	37.02	45.5	2.726
686.3	37.02	45.5	2.729
687.3	37.02	45.5	2.738
688.3	37.02	45.5	2.741
689.3	37.02	45.4	2.741
690.3	37.02	45.4	2.741
691.3	37.02	45.5	2.744
692.3	37.01	45.5	2.744
693.3	37.01	45.4	2.744
694.3	37.01	45.4	2.748
695.3	37.01	45.5	2.744
696.3	37.01	45.5	2.748
697.3	37.01	45.5	2.756
698.3	37.01	45.5	2.756
699.3	37.01	45.4	2.759
700.3	37.01	45.4	2.756
701.3	37.00	45.3	2.759
702.3	37.00	45.3	2.774
703.3	37.00	45.4	2.781
704.3	37.00	45.4	2.781
705.3	37.00	45.4	2.781
706.3	37.00	45.4	2.781
707.3	37.00	45.4	2.781
708.3	37.00	45.4	2.789
709.3	37.00	45.4	2.781
710.3	37.00	45.4	2.781
711.3	37.00	45.4	2.781
712.3	37.00	45.4	2.781
713.3	37.00	45.4	2.789
714.3	37.00	45.4	2.781
715.3	37.00	45.4	2.781
716.3	37.00	45.4	2.781
717.3	37.00	45.4	2.781
718.3	37.00	45.4	2.781
719.3	37.00	45.4	2.781
720.3	37.00	45.4	2.781
721.3	37.00	45.4	2.789
722.3	37.00	45.4	2.781
723.4	37.00	45.4	2.789
724.4	37.00	45.4	2.781
725.4	37.00	45.3	2.781
726.4	37.00	45.3	2.781
727.4	37.00	45.3	2.781
728.4	37.00	45.3	2.781
729.4	37.00	45.3	2.781
730.4	37.00	45.3	2.781
731.4	37.00	45.3	2.781
732.4	37.00	45.3	2.781
733.4	37.00	45.3	2.781
734.4	37.00	45.3	2.781
735.4	37.00	45.3	2.781
736.4	37.00	45.3	2.781
737.4	37.00	45.3	2.781
738.4	37.00	45.3	2.781
739.4	37.00	45.3	2.781
740.4	37.00	45.3	2.781
741.4	37.00	45.3	2.781
742.4	37.00	45.3	2.781
743.4	37.00	45.2	2.781
744.4	37.00	45.2	2.781
745.4	37.00	45.2	2.789
746.4	37.00	45.2	2.781
747.4	37.00	45.2	2.781
748.4	37.00	45.2	2.781
749.4	37.00	45.2	2.781
750.4	37.00	45.2	2.781
751.4	37.00	45.2	2.781
751.6	37.00	45.2	2.781
752.6	37.00	45.2	2.781
753.6	37.00	45.2	2.781
754.6	37.00	45.2	2.781
755.6	37.00	45.2	2.781
756.6	37.00	45.2	2.781
757.6	37.00	45.2	2.781
758.6	37.00	45.2	2.781
759.6	37.00	45.2	2.778
760.6	37.00	45.2	2.781
761.6	37.00	45.2	2.781
762.6	37.00	45.2	2.778
763.6	37.00	45.2	2.781
764.6	37.00	45.2	2.781
765.6	37.01	45.2	2.781
766.6	37.01	45.2	2.766
767.6	37.01	45.2	2.759
768.6	37.02	45.2	2.744
769.6	37.02	45.1	2.738
770.6	37.02	45.1	2.729
771.6	37.02	45.2	2.741
772.6	37.02	45.2	2.726
773.6	37.03	45.2	2.714
774.6	37.03	45.2	2.708
775.6	37.04	45.2	2.705
776.6	37.04	45.2	2.690
777.6	37.04	45.2	2.678
778.6	37.05	45.2	2.675
779.6	37.05	45.2	2.672
780.6	37.05	45.2	2.660
781.6	37.05	45.2	2.657
782.6	37.05	45.2	2.643
783.6	37.06	45.1	2.640
784.6	37.06	45.1	2.640
785.6	37.06	45.1	2.628
786.6	37.06	45.1	2.625
787.6	37.06	45.1	2.622
788.6	37.07	45.1	2.619
789.6	37.07	45.1	2.610
790.6	37.07	45.1	2.607
791.6	37.07	45.1	2.604
792.6	37.07	45.1	2.604
793.6	37.07	45.0	2.593
794.6	37.08	45.0	2.593
795.6	37.08	45.1	2.589
796.6	37.08	45.1	2.586
797.6	37.08	45.0	2.586
798.6	37.08	45.0	2.583
799.6	37.08	45.0	2.575
800.6	37.08	45.0	2.572
801.6	37.08	45.0	2.572
802.6	37.08	45.0	2.572
803.6	37.09	45.0	2.569
804.6	37.09	45.0	2.560
805.6	37.09	45.1	2.560
806.6	37.10	45.1	2.554
807.6	37.10	45.0	2.537
808.6	37.10	45.0	2.537
809.6	37.10	45.1	2.537
810.6	37.11	45.1	2.522
811.6	37.11	45.0	2.508
812.6	37.11	45.0	2.508
813.6	37.11	44.9	2.508
814.6	37.11	44.9	2.508
815.6	37.11	45.0	2.508
816.6	37.12	45.0	2.505
817.6	37.12	45.0	2.491
818.6	37.12	45.0	2.476
819.6	37.13	45.0	2.473
820.6	37.13	45.0	2.459
821.6	37.13	45.0	2.453
822.6	37.14	45.0	2.442
823.6	37.14	45.0	2.436
824.6	37.14	45.0	2.425
825.6	37.15	45.0	2.422
826.6	37.15	45.0	2.411
827.6	37.15	44.9	2.408
828.6	37.15	44.9	2.397
829.6	37.16	44.9	2.394
830.6	37.16	44.9	2.391
831.6	37.16	44.9	2.380
832.6	37.16	44.9	2.377
833.6	37.16	44.9	2.374
834.6	37.17	44.9	2.371
835.6	37.17	44.9	2.363
836.6	37.17	44.9	2.360
837.6	37.17	44.9	2.357
838.6	37.17	44.9	2.346
839.6	37.17	44.9	2.346
840.6	37.17	44.9	2.343
841.6	37.18	44.8	2.343
842.6	37.18	44.8	2.340
843.6	37.18	44.8	2.329
844.6	37.18	44.8	2.329
845.6	37.18	44.8	2.326
846.6	37.18	44.8	2.326
847.6	37.18	44.8	2.326
848.6	37.18	44.8	2.316
849.6	37.18	44.8	2.316
850.6	37.19	44.8	2.313
851.6	37.19	44.8	2.313
852.6	37.19	44.8	2.313
853.6	37.19	44.8	2.310
854.6	37.19	44.8	2.310
855.6	37.19	44.8	2.310
856.6	37.19	44.8	2.310
857.6	37.19	44.7	2.307
858.6	37.19	44.7	2.299
859.6	37.19	44.7	2.299
860.6	37.19	44.7	2.296
861.6	37.19	44.7	2.296
862.6	37.19	44.7	2.296
863.6	37.19	44.7	2.293
864.6	37.19	44.7	2.293
865.6	37.19	44.7	2.293
866.6	37.19	44.7	2.293
867.6	37.19	44.7	2.293
868.6	37.19	44.7	2.282
869.6	37.20	44.7	2.290
870.6	37.20	44.7	2.276
871.6	37.20	44.7	2.263
872.6	37.20	44.7	2.263
873.6	37.20	44.7	2.263
874.6	37.20	44.7	2.263
875.6	37.20	44.7	2.263
876.6	37.20	44.7	2.263
877.6	37.20	44.7	2.263
878.6	37.20	44.7	2.263
879.6	37.21	44.7	2.263
880.6	37.21	44.7	2.249
881.6	37.21	44.7	2.236
882.6	37.21	44.7	2.244
883.6	37.22	44.7	2.246
884.6	37.22	44.7	2.233
885.7	37.22	44.7	2.219
886.6	37.23	44.7	2.214
887.7	37.23	44.7	2.203
888.7	37.23	44.7	2.197
889.7	37.24	44.7	2.187
890.7	37.24	44.7	2.181
891.7	37.24	44.7	2.171
892.7	37.25	44.7	2.168
893.7	37.25	44.6	2.157
894.7	37.25	44.6	2.154
895.7	37.25	44.6	2.141
896.7	37.26	44.6	2.141
897.7	37.26	44.6	2.136
898.7	37.26	44.6	2.125
899.7	37.26	44.6	2.122
900.7	37.27	44.6	2.115
901.7	37.27	44.6	2.112
902.7	37.27	44.6	2.109
903.7	37.27	44.6	2.106
904.7	37.27	44.6	2.099
905.7	37.27	44.6	2.096
906.7	37.27	44.6	2.093
907.7	37.27	44.6	2.093
908.7	37.28	44.6	2.083
909.7	37.28	44.5	2.080
910.7	37.28	44.5	2.080
911.7	37.28	44.5	2.078
912.7	37.28	44.5	2.078
913.7	37.28	44.6	2.078
914.7	37.28	44.6	2.067
915.7	37.28	44.5	2.064
916.7	37.28	44.5	2.064
917.7	37.28	44.5	2.064
918.7	37.29	44.5	2.062
919.7	37.29	44.5	2.062
920.7	37.29	44.5	2.052
921.7	37.29	44.5	2.052
922.7	37.29	44.5	2.052
923.7	37.29	44.5	2.049
924.7	37.29	44.5	2.049
925.7	37.29	44.5	2.049
926.7	37.29	44.5	2.049
927.7	37.29	44.5	2.046
928.7	37.29	44.5	2.046
929.7	37.29	44.4	2.039
930.7	37.28	44.4	2.052
931.7	37.28	44.5	2.062
932.7	37.28	44.5	2.062
933.7	37.28	44.4	2.052
934.7	37.29	44.4	2.052
935.7	37.29	44.4	2.052
936.7	37.29	44.4	2.049
937.7	37.29	44.4	2.049
938.7	37.29	44.4	2.046
939.8	37.29	44.4	2.046
940.7	37.29	44.4	2.039
941.8	37.29	44.4	2.036
942.8	37.29	44.4	2.036
943.8	37.29	44.4	2.036
944.8	37.29	44.4	2.036
945.8	37.29	44.4	2.033
946.8	37.29	44.4	2.033
947.8	37.29	44.4	2.033
948.8	37.29	44.4	2.033
949.8	37.29	44.3	2.033
950.8	37.29	44.3	2.030
951.8	37.29	44.3	2.023
952.8	37.29	44.3	2.023
953.8	37.30	44.3	2.023
954.8	37.30	44.3	2.020
955.8	37.30	44.3	2.020
956.8	37.30	44.3	2.020
957.8	37.30	44.3	2.020
958.8	37.30	44.3	2.017
959.8	37.30	44.3	2.017
960.8	37.30	44.3	2.017
961.8	37.30	44.3	2.017
962.8	37.30	44.3	2.017
963.8	37.30	44.3	2.017
964.8	37.30	44.3	2.017
965.8	37.30	44.3	2.017
966.8	37.30	44.3	2.007
967.8	37.30	44.3	2.015
968.8	37.30	44.3	2.007
969.8	37.30	44.3	2.005
970.8	37.30	44.3	2.007
971.8	37.30	44.2	2.005
972.8	37.30	44.2	2.005
973.8	37.29	44.2	2.005
974.8	37.29	44.2	2.017
975.8	37.29	44.2	2.023
976.8	37.29	44.2	2.023
977.8	37.29	44.2	2.020
978.8	37.29	44.2	2.020
979.8	37.29	44.2	2.020
980.8	37.29	44.2	2.020
981.8	37.29	44.2	2.017
982.8	37.29	44.2	2.010
983.8	37.29	44.2	2.017
984.8	37.29	44.2	2.007
985.8	37.29	44.2	2.007
986.8	37.29	44.2	2.007
987.8	37.29	44.2	2.007
988.8	37.29	44.2	2.007
989.8	37.30	44.2	2.007
990.8	37.30	44.2	2.005
991.8	37.30	44.2	2.005
992.8	37.30	44.2	2.005
993.8	37.30	44.2	2.005
994.8	37.30	44.2	2.002
995.8	37.29	44.1	2.002
996.8	37.29	44.1	2.015
997.9	37.29	44.1	2.020
998.9	37.29	44.1	2.017
999.9	37.29	44.1	2.017
1000.9	37.29	44.1	2.017
1001.9	37.29	44.1	2.017
1002.9	37.29	44.1	2.007
1003.9	37.29	44.1	2.007
1004.9	37.29	44.1	2.007
1005.9	37.29	44.1	2.005
1006.9	37.29	44.1	2.005
1007.9	37.29	44.1	2.005
1008.9	37.29	44.1	2.005
1009.9	37.29	44.1	2.002
1010.9	37.29	44.1	2.002
1011.9	37.29	44.1	2.002
1012.9	37.29	44.1	1.995
1013.9	37.29	44.1	1.992
1014.9	37.30	44.1	1.992
1015.9	37.30	44.1	1.992
1016.9	37.30	44.1	1.992
1017.9	37.29	44.0	1.992
1018.9	37.29	44.0	2.005
1019.9	37.29	44.1	2.015
1020.9	37.29	44.1	2.007
1021.9	37.29	44.1	2.007
1022.9	37.29	44.1	2.005
1023.9	37.28	44.0	2.005
1024.9	37.28	44.0	2.017
1025.9	37.28	44.0	2.020
1026.9	37.28	44.0	2.017
1027.9	37.28	44.0	2.017
1028.9	37.28	44.0	2.015
1029.9	37.28	43.9	2.007
1030.9	37.27	43.9	2.020
1031.9	37.27	43.9	2.033
1032.9	37.27	43.9	2.033
1033.9	37.27	44.0	2.046
1034.9	37.27	44.0	2.036
1035.9	37.27	44.0	2.036
1036.9	37.27	44.0	2.033
1037.9	37.27	44.0	2.026
1038.9	37.28	44.0	2.030
1039.9	37.28	44.0	2.020
1040.9	37.28	44.0	2.020
1041.9	37.28	44.0	2.017
1042.9	37.28	44.0	2.010
1043.9	37.28	44.0	2.007
1044.9	37.28	44.0	2.007
1045.9	37.28	43.9	2.005
1046.9	37.28	43.9	2.005
1047.9	37.28	43.9	2.002
1048.9	37.29	43.9	2.002
1049.9	37.29	43.9	1.995
1050.9	37.29	43.9	1.992
1052.0	37.29	43.9	1.992
1052.9	37.29	43.9	1.992
1054.0	37.29	43.9	1.989
1055.0	37.29	43.9	1.989
1056.0	37.29	43.9	1.986
1057.0	37.29	43.9	1.986
1058.0	37.29	43.9	1.986
1059.0	37.29	43.9	1.979
1060.0	37.29	43.9	1.976
1061.0	37.29	43.9	1.976
1062.0	37.29	43.9	1.976
1063.0	37.29	43.9	1.976
1064.0	37.29	43.9	1.976
1065.0	37.29	43.9	1.974
1066.0	37.29	43.9	1.974
1067.0	37.29	43.9	1.974
1068.0	37.30	43.9	1.974
1069.0	37.30	43.9	1.971
1070.0	37.30	43.9	1.971
1071.0	37.30	43.9	1.964
1072.0	37.30	43.8	1.971
1073.0	37.30	43.8	1.964
1074.0	37.30	43.8	1.961
1075.0	37.30	43.8	1.961
1076.0	37.30	43.8	1.961
1077.0	37.30	43.8	1.961
1078.0	37.30	43.8	1.961
1079.0	37.30	43.8	1.961
1080.0	37.30	43.8	1.961
1081.0	37.30	43.8	1.958
1082.0	37.30	43.8	1.958
1083.0	37.30	43.8	1.958
1084.0	37.30	43.8	1.958
1085.0	37.30	43.8	1.958
1086.0	37.30	43.8	1.958
1087.0	37.30	43.8	1.958
1088.0	37.30	43.8	1.951
1089.0	37.30	43.8	1.956
1090.0	37.30	43.8	1.948
1091.0	37.30	43.8	1.948
1092.0	37.30	43.8	1.956
1093.0	37.30	43.8	1.948
1094.0	37.30	43.8	1.948
1095.0	37.30	43.8	1.946
1096.0	37.30	43.7	1.946
1097.0	37.30	43.7	1.946
1098.0	37.30	43.7	1.946
1099.0	37.30	43.7	1.946
1100.0	37.30	43.7	1.946
1101.0	37.30	43.7	1.946
1102.0	37.30	43.7	1.946
1103.0	37.30	43.7	1.946
1104.0	37.30	43.7	1.946
1105.0	37.30	43.7	1.946
1106.0	37.30	43.7	1.943
1107.0	37.30	43.7	1.943
1108.0	37.30	43.7	1.943
1109.0	37.30	43.7	1.943
1110.1	37.30	43.7	1.943
1111.0	37.30	43.7	1.943
1112.1	37.30	43.7	1.936
1113.1	37.30	43.7	1.936
1114.1	37.30	43.7	1.943
1115.1	37.30	43.7	1.936
1116.1	37.30	43.7	1.933
1117.1	37.30	43.7	1.933
1118.1	37.30	43.7	1.933
1119.1	37.30	43.7	1.933
1120.1	37.30	43.6	1.933
1121.1	37.30	43.6	1.933
1122.1	37.30	43.6	1.930
1123.1	37.30	43.6	1.933
1124.1	37.30	43.6	1.933
1125.1	37.30	43.6	1.930
1126.1	37.30	43.6	1.930
1127.1	37.30	43.6	1.930
1128.1	37.30	43.6	1.930
1129.1	37.30	43.6	1.930
1130.1	37.30	43.6	1.930
1131.1	37.30	43.6	1.930
1132.1	37.30	43.6	1.930
1133.1	37.30	43.6	1.930
1134.1	37.30	43.6	1.928
1135.1	37.30	43.6	1.930
1136.1	37.30	43.6	1.928
1137.1	37.30	43.6	1.928
1138.1	37.30	43.6	1.928
1139.1	37.30	43.6	1.921
1140.1	37.30	43.6	1.921
1141.1	37.30	43.6	1.921
1142.1	37.30	43.5	1.921
1143.1	37.30	43.5	1.921
1144.1	37.30	43.5	1.921
1145.1	37.30	43.5	1.928
1146.1	37.30	43.5	1.918
1147.1	37.30	43.5	1.918
1148.1	37.30	43.5	1.918
1149.1	37.30	43.5	1.918
1150.1	37.30	43.5	1.918
1151.1	37.30	43.5	1.918
1152.1	37.30	43.5	1.918
1153.1	37.30	43.5	1.918
1154.1	37.30	43.5	1.918
1155.1	37.30	43.5	1.918
1156.1	37.30	43.5	1.915
1157.1	37.30	43.5	1.915
1158.1	37.30	43.5	1.915
1159.1	37.30	43.5	1.915
1160.1	37.30	43.5	1.915
1161.1	37.30	43.5	1.915
1162.1	37.30	43.5	1.915
1163.1	37.30	43.5	1.915
1164.1	37.30	43.4	1.915
1165.1	37.30	43.4	1.915
1166.1	37.30	43.4	1.915
1167.1	37.30	43.4	1.908
1168.1	37.30	43.4	1.915
1169.1	37.30	43.4	1.905
1170.1	37.30	43.4	1.905
1171.1	37.30	43.4	1.905
1172.2	37.30	43.4	1.905
1173.1	37.30	43.4	1.905
1174.2	37.30	43.4	1.905
1175.2	37.30	43.4	1.905
1176.2	37.30	43.4	1.905
1177.2	37.30	43.4	1.905
1178.2	37.30	43.4	1.905
1179.2	37.30	43.4	1.903
1180.2	37.30	43.4	1.903
1181.2	37.30	43.4	1.903
1182.2	37.30	43.4	1.903
1183.2	37.30	43.4	1.903
1184.2	37.30	43.4	1.903
1185.2	37.30	43.4	1.903
1186.2	37.30	43.4	1.903
1187.2	37.30	43.4	1.903
1188.2	37.30	43.4	1.903
1189.2	37.30	43.4	1.903
1190.2	37.30	43.4	1.903
1191.2	37.30	43.4	1.900
1192.2	37.30	43.4	1.900
1193.2	37.30	43.4	1.900
1194.2	37.30	43.4	1.900
1195.2	37.30	43.4	1.900
1196.2	37.30	43.3	1.900
1197.2	37.30	43.3	1.900
1198.2	37.30	43.3	1.900
1199.2	37.30	43.3	1.893
1200.2	37.30	43.3	1.900
1201.2	37.30	43.3	1.893
1202.2	37.30	43.3	1.897
1203.2	37.30	43.3	1.897
1204.2	37.30	43.3	1.897
1205.2	37.30	43.3	1.897
1206.2	37.30	43.3	1.890
1207.2	37.30	43.3	1.890
1208.2	37.30	43.3	1.890
1209.2	37.30	43.3	1.890
1210.2	37.30	43.3	1.890
1211.2	37.30	43.3	1.890
1212.2	37.30	43.3	1.888
1213.2	37.30	43.3	1.888
1214.2	37.30	43.3	1.888
1215.2	37.30	43.3	1.888
1216.2	37.30	43.3	1.888
1217.2	37.30	43.3	1.888
1218.2	37.30	43.3	1.888
1219.2	37.30	43.3	1.888
1220.2	37.30	43.3	1.888
1221.2	37.30	43.3	1.888
1222.2	37.30	43.3	1.878
1223.2	37.30	43.3	1.888
1224.2	37.30	43.3	1.888
1225.2	37.30	43.3	1.885
1226.2	37.30	43.2	1.885
1227.2	37.30	43.2	1.878
1228.2	37.30	43.2	1.885
1229.2	37.30	43.2	1.878
1230.2	37.30	43.2	1.885
1231.2	37.30	43.2	1.885
1232.2	37.30	43.2	1.878
1233.2	37.30	43.2	1.885
1234.3	37.30	43.2	1.885
1235.2	37.30	43.2	1.875
1236.3	37.30	43.2	1.875
1237.3	37.30	43.2	1.875
1238.3	37.30	43.2	1.875
1239.3	37.30	43.2	1.875
1240.3	37.30	43.2	1.875
1241.3	37.30	43.2	1.875
1242.3	37.30	43.2	1.875
1243.3	37.30	43.2	1.875
1244.3	37.30	43.1	1.875
1245.3	37.30	43.1	1.873
1246.3	37.30	43.2	1.875
1247.3	37.30	43.2	1.873
1248.3	37.30	43.1	1.873
1249.3	37.30	43.1	1.873
1250.3	37.30	43.2	1.873
1251.3	37.31	43.2	1.860
1252.3	37.31	43.1	1.848
1253.3	37.31	43.1	1.855
1254.3	37.31	43.1	1.848
1255.3	37.31	43.1	1.855
1256.3	37.31	43.2	1.855
1257.3	37.32	43.2	1.843
1258.3	37.32	43.2	1.830
1259.3	37.33	43.2	1.821
1260.3	37.33	43.2	1.816
1261.3	37.33	43.2	1.806
1262.3	37.33	43.1	1.801
1263.3	37.33	43.1	1.803
1264.3	37.33	43.2	1.803
1265.3	37.34	43.2	1.798
1266.3	37.34	43.1	1.789
1267.3	37.34	43.1	1.779
1268.3	37.34	43.1	1.777
1269.3	37.35	43.1	1.765
1270.3	37.35	43.1	1.762
1271.3	37.34	43.1	1.765
1272.3	37.34	43.1	1.774
1273.3	37.34	43.1	1.777
1274.3	37.34	43.1	1.777
1275.3	37.34	43.1	1.779
1276.3	37.33	43.1	1.789
1277.3	37.33	43.1	1.789
1278.3	37.34	43.1	1.791
1279.3	37.34	43.1	1.786
1280.3	37.34	43.1	1.777
1281.3	37.34	43.1	1.765
1282.3	37.35	43.1	1.762
1283.3	37.35	43.1	1.760
1284.3	37.35	43.1	1.748
1285.3	37.35	43.1	1.748
1286.3	37.36	43.1	1.736
1287.3	37.36	43.1	1.736
1288.3	37.36	43.1	1.733
1289.3	37.36	43.1	1.724
1290.3	37.37	43.1	1.721
1291.3	37.37	43.1	1.719
1292.4	37.37	43.1	1.716
1293.3	37.37	43.1	1.707
1294.4	37.37	43.1	1.707
1295.4	37.37	43.1	1.704
1296.4	37.37	43.1	1.695
1297.4	37.38	43.1	1.695
1298.4	37.38	43.1	1.692
1299.4	37.38	43.1	1.690
1300.4	37.38	43.1	1.690
1301.4	37.38	43.1	1.681
1302.4	37.38	43.0	1.681
1303.4	37.38	43.0	1.678
1304.4	37.38	43.1	1.678
1305.4	37.38	43.1	1.676
1306.4	37.38	43.0	1.676
1307.4	37.38	43.0	1.667
1308.4	37.39	43.0	1.667
1309.4	37.39	43.0	1.664
1310.4	37.39	43.0	1.664
1311.4	37.39	43.0	1.664
1312.4	37.38	42.9	1.662
1313.4	37.38	42.9	1.667
1314.4	37.38	42.9	1.678
1315.4	37.37	42.9	1.681
1316.4	37.37	43.0	1.690
1317.4	37.37	43.0	1.683
1318.4	37.38	43.0	1.681
1319.4	37.38	43.0	1.678
1320.4	37.38	43.0	1.678
1321.4	37.38	43.0	1.676
1322.4	37.38	42.9	1.676
1322.6	37.38	42.9	1.676
1323.6	37.37	42.9	1.678
1324.6	37.37	43.0	1.681
1325.6	37.37	43.0	1.681
1326.6	37.37	42.9	1.681
1327.6	37.37	42.9	1.690
1328.6	37.37	42.9	1.692
1329.6	37.37	42.9	1.690
1330.6	37.37	42.9	1.690
1331.6	37.37	42.9	1.678
1332.6	37.37	42.9	1.678
1333.6	37.37	42.9	1.683
1334.6	37.37	43.0	1.692
1335.6	37.37	43.0	1.690
1336.6	37.37	43.0	1.681
1337.6	37.37	43.0	1.678
1338.6	37.37	43.0	1.678
1339.6	37.38	43.0	1.676
1340.6	37.38	42.9	1.667
1341.6	37.38	42.9	1.667
1342.6	37.37	42.7	1.664
1343.6	37.37	42.7	1.676
1344.6	37.37	42.8	1.678
1345.6	37.37	42.8	1.678
1346.6	37.37	42.7	1.669
1347.6	37.37	42.7	1.678
1348.6	37.36	42.6	1.681
1349.6	37.36	42.6	1.692
1350.6	37.36	42.6	1.695
1351.6	37.35	42.6	1.704
1352.6	37.35	42.6	1.707
1353.6	37.35	42.6	1.709
1354.6	37.35	42.6	1.719
1355.6	37.34	42.6	1.719
1356.6	37.34	42.6	1.721
1357.6	37.34	42.6	1.731
1358.6	37.34	42.6	1.733
1359.6	37.34	42.6	1.736
1360.6	37.33	42.6	1.736
1361.6	37.33	42.6	1.745
1362.6	37.33	42.6	1.745
1363.6	37.33	42.6	1.748
1364.6	37.33	42.6	1.748
1365.6	37.33	42.6	1.750
1366.6	37.33	42.6	1.757
1367.6	37.32	42.6	1.760
1368.6	37.32	42.6	1.760
1369.6	37.32	42.6	1.762
1370.6	37.32	42.6	1.762
1371.6	37.32	42.6	1.762
1372.6	37.32	42.6	1.765
1373.6	37.32	42.6	1.765
1374.6	37.32	42.6	1.765
1375.6	37.32	42.6	1.774
1376.6	37.31	42.6	1.772
